* Measurement data measured by REW V5.30
* Source: EXCL: Microphone (2- UMM-6), MICROPHONE (Master Volume), R, volume: 0.320. Timing signal peak level -59.0 dBFS, measurement signal peak level -46.3 dBFS
* Format: 128k Log Swept Sine, 1 sweep at -12.0 dBFS using an acoustic timing reference
* Dated: Aug 17, 2026 7:11:56 PM
* REW Settings:
*  C-weighting compensation: Off
*  Target level: 75.0 dB
* Note: Delay -2.7744 ms (-952 mm, -(3 ft 1.47 in)) using estimated IR delay relative to Acoustic reference played from SPEAKER R with no timing offset Clock adjustment: -18.6 ppm
* Measurement: FULL = gain matched ?
* Smoothing: 1/6 octave
* Frequency Step: 96 ppo
* Start Frequency: 30.029297 Hz
*
* Freq(Hz) SPL(dB) Phase(degrees)
30.029297 78.164 -121.7331
30.246902 78.230 -122.1715
30.466084 78.316 -122.8263
30.686853 78.420 -123.6643
30.909224 78.539 -124.6490
31.133205 78.671 -125.7455
31.358809 78.815 -126.9239
31.586048 78.971 -128.1621
31.814934 79.140 -129.4485
32.045479 79.322 -130.7818
32.277695 79.515 -132.1693
32.511593 79.716 -133.6243
32.747185 79.923 -135.1609
32.984486 80.129 -136.7904
33.223503 80.328 -138.5174
33.464252 80.514 -140.3375
33.706749 80.681 -142.2372
33.951000 80.824 -144.1941
34.197021 80.940 -146.1794
34.444828 81.027 -148.1630
34.694431 81.084 -150.1074
34.945843 81.114 -151.9725
35.199074 81.119 -153.7227
35.454140 81.103 -155.3253
35.711056 81.073 -156.7542
35.969833 81.036 -157.9917
36.230484 81.002 -159.0335
36.493027 80.980 -159.8911
36.757469 80.979 -160.5950
37.023830 81.005 -161.1933
37.292122 81.062 -161.7481
37.562355 81.148 -162.3304
37.834549 81.259 -163.0021
38.108715 81.386 -163.8090
38.384865 81.519 -164.7781
38.663017 81.646 -165.9130
38.943184 81.759 -167.1958
39.225384 81.852 -168.5928
39.509628 81.920 -170.0600
39.795933 81.962 -171.5503
40.084309 81.981 -173.0185
40.374775 81.980 -174.4248
40.667347 81.964 -175.7374
40.962040 81.939 -176.9313
41.258869 81.912 -177.9919
41.557846 81.889 -178.9144
41.858990 81.878 -179.7009
42.162315 81.884 179.6365
42.467842 81.915 179.0754
42.775581 81.973 178.5819
43.085552 82.062 178.1128
43.397766 82.180 177.6190
43.712246 82.325 177.0515
44.029003 82.490 176.3683
44.348057 82.667 175.5398
44.669422 82.846 174.5571
44.993114 83.018 173.4236
45.319153 83.177 172.1577
45.647552 83.317 170.7945
45.978333 83.436 169.3785
46.311512 83.535 167.9568
46.647106 83.618 166.5728
46.985130 83.693 165.2585
47.325603 83.767 164.0292
47.668545 83.850 162.8793
48.013969 83.947 161.7839
48.361900 84.064 160.7022
48.712349 84.199 159.5847
49.065338 84.347 158.3862
49.420887 84.500 157.0735
49.779011 84.650 155.6299
50.139729 84.784 154.0590
50.503063 84.896 152.3850
50.869030 84.978 150.6486
51.237648 85.028 148.9003
51.608936 85.047 147.1913
51.982918 85.041 145.5638
52.359608 85.017 144.0426
52.739025 84.984 142.6315
53.121193 84.948 141.3338
53.506130 84.914 140.1161
53.893856 84.883 138.9354
54.284393 84.853 137.7735
54.677761 84.818 136.6299
55.073978 84.777 135.5222
55.473068 84.728 134.4808
55.875050 84.674 133.5399
56.279942 84.619 132.7284
56.687771 84.572 132.0611
57.098553 84.541 131.5345
57.512314 84.535 131.1258
57.929073 84.559 130.8099
58.348850 84.617 130.5341
58.771671 84.707 130.2352
59.197556 84.826 129.8647
59.626526 84.968 129.3834
60.058605 85.124 128.7652
60.493816 85.287 127.9983
60.932178 85.449 127.0831
61.373718 85.605 126.0295
61.818459 85.751 124.8532
62.266422 85.882 123.5730
62.717632 85.998 122.2092
63.172112 86.097 120.7955
63.629883 86.180 119.3495
64.090973 86.247 117.8810
64.555405 86.301 116.4054
65.023201 86.344 114.9329
65.494385 86.378 113.4681
65.968987 86.405 112.0120
66.447021 86.427 110.5634
66.928520 86.443 109.1207
67.413513 86.453 107.6823
67.902016 86.457 106.2475
68.394058 86.454 104.8175
68.889671 86.443 103.4021
69.388878 86.421 102.0083
69.891701 86.390 100.6443
70.398163 86.349 99.3233
70.908295 86.302 98.0580
71.422127 86.249 96.8572
71.939682 86.196 95.7239
72.460983 86.145 94.6522
72.986069 86.099 93.6273
73.514954 86.059 92.6301
74.047676 86.023 91.6432
74.584259 85.987 90.6602
75.124725 85.949 89.6804
75.669113 85.904 88.7251
76.217445 85.854 87.8239
76.769745 85.801 86.9976
77.326050 85.747 86.2590
77.886383 85.700 85.6099
78.450783 85.663 85.0418
79.019272 85.642 84.5360
79.591881 85.643 84.0642
80.168640 85.666 83.5891
80.749573 85.714 83.0673
81.334717 85.785 82.4555
81.924103 85.872 81.7150
82.517761 85.971 80.8230
83.115723 86.072 79.7719
83.718010 86.169 78.5656
84.324669 86.254 77.2177
84.935722 86.322 75.7492
85.551201 86.367 74.1855
86.171143 86.384 72.5549
86.795578 86.372 70.8891
87.424538 86.328 69.2223
88.058052 86.252 67.5898
88.696159 86.146 66.0258
89.338890 86.014 64.5526
89.986275 85.861 63.1957
90.638351 85.692 61.9759
91.295151 85.515 60.8990
91.956711 85.336 59.9607
92.623070 85.159 59.1474
93.294258 84.988 58.4382
93.970306 84.825 57.8088
94.651253 84.667 57.2380
95.337135 84.510 56.7147
96.027985 84.349 56.2455
96.723846 84.180 55.8578
97.424744 83.997 55.5952
98.130722 83.803 55.5202
98.841820 83.601 55.7015
99.558067 83.402 56.1951
100.279503 83.221 57.0301
101.006172 83.073 58.1926
101.738106 82.977 59.6192
102.475342 82.943 61.2021
103.217918 82.977 62.8057
103.965881 83.075 64.2907
104.719261 83.227 65.5381
105.478104 83.416 66.4662
106.242439 83.626 67.0268
107.012314 83.842 67.2245
107.787766 84.050 67.0985
108.568840 84.244 66.6957
109.355576 84.418 66.0660
110.148010 84.570 65.2548
110.946190 84.699 64.3020
111.750153 84.802 63.2453
112.559937 84.880 62.1215
113.375595 84.934 60.9653
114.197159 84.965 59.8056
115.024681 84.975 58.6637
115.858200 84.966 57.5438
116.697754 84.938 56.4616
117.543396 84.893 55.4409
118.395164 84.829 54.5027
119.253105 84.748 53.6741
120.117264 84.655 52.9839
120.987686 84.554 52.4558
121.864410 84.453 52.1005
122.747490 84.362 51.9124
123.636971 84.288 51.8708
124.532898 84.239 51.9449
125.435318 84.218 52.0990
126.344276 84.229 52.2920
127.259819 84.273 52.4803
128.181992 84.347 52.6162
129.110855 84.448 52.6492
130.046448 84.568 52.5337
130.988815 84.698 52.2374
131.938019 84.827 51.7468
132.894089 84.948 51.0686
133.857101 85.053 50.2243
134.827087 85.137 49.2437
135.804108 85.198 48.1599
136.788193 85.234 47.0051
137.779419 85.244 45.8062
138.777832 85.228 44.5928
139.783478 85.186 43.3961
140.796402 85.115 42.2481
141.816666 85.015 41.1872
142.844330 84.886 40.2596
143.879440 84.731 39.5170
144.922043 84.553 39.0131
145.972214 84.361 38.7956
147.029984 84.166 38.8970
148.095428 83.982 39.3251
149.168594 83.824 40.0549
150.249527 83.708 41.0260
151.338303 83.643 42.1425
152.434967 83.635 43.2842
153.539566 83.680 44.3276
154.652176 83.769 45.1678
155.772842 83.885 45.7379
156.901642 84.012 46.0147
158.038620 84.136 46.0157
159.183838 84.243 45.7869
160.337357 84.327 45.3910
161.499222 84.381 44.8962
162.669510 84.405 44.3681
163.848282 84.399 43.8676
165.035599 84.366 43.4449
166.231522 84.310 43.1425
167.436096 84.236 42.9994
168.649414 84.150 43.0491
169.871521 84.060 43.3145
171.102478 83.977 43.8006
172.342361 83.911 44.4887
173.591232 83.870 45.3363
174.849152 83.861 46.2838
176.116180 83.885 47.2686
177.392395 83.942 48.2377
178.677856 84.028 49.1577
179.972626 84.141 50.0051
181.276779 84.277 50.7624
182.590393 84.430 51.4180
183.913513 84.599 51.9610
185.246231 84.776 52.3838
186.588608 84.958 52.6852
187.940704 85.140 52.8738
189.302597 85.320 52.9665
190.674362 85.495 52.9836
192.056061 85.668 52.9420
193.447784 85.839 52.8491
194.849594 86.008 52.7054
196.261551 86.176 52.5007
197.683746 86.338 52.2233
199.116241 86.492 51.8711
200.559113 86.634 51.4529
202.012451 86.761 50.9877
203.476318 86.874 50.4991
204.950790 86.974 50.0090
206.435944 87.065 49.5333
207.931870 87.148 49.0788
209.438629 87.229 48.6449
210.956314 87.307 48.2274
212.484985 87.384 47.8203
214.024734 87.460 47.4214
215.575653 87.535 47.0294
217.137802 87.609 46.6398
218.711273 87.681 46.2445
220.296143 87.751 45.8342
221.892502 87.816 45.4027
223.500427 87.874 44.9500
225.120010 87.923 44.4817
226.751328 87.963 44.0072
228.394455 87.992 43.5372
230.049500 88.012 43.0821
231.716537 88.023 42.6428
233.395645 88.025 42.2297
235.086929 88.019 41.8563
236.790466 88.006 41.5278
238.506348 87.988 41.2480
240.234665 87.965 41.0181
241.975510 87.939 40.8372
243.728958 87.908 40.7031
245.495117 87.875 40.6144
247.274078 87.839 40.5714
249.065933 87.799 40.5759
250.870773 87.756 40.6302
252.688690 87.711 40.7215
254.519775 87.664 40.8526
256.364136 87.617 41.0311
258.221863 87.567 41.2549
260.093048 87.517 41.5236
261.977783 87.464 41.8394
263.876190 87.410 42.2075
265.788361 87.354 42.6349
267.714386 87.298 43.1278
269.654358 87.244 43.6890
271.608398 87.193 44.3134
273.576599 87.148 44.9876
275.559052 87.109 45.6816
277.555878 87.076 46.3788
279.567169 87.046 47.0740
281.593018 87.015 47.7642
283.633545 86.980 48.4580
285.688873 86.938 49.1743
287.759094 86.888 49.9383
289.844330 86.831 50.7770
291.944672 86.769 51.7136
294.060211 86.708 52.7614
296.191101 86.652 53.9197
298.337433 86.607 55.1723
300.499298 86.576 56.4955
302.676849 86.561 57.8545
304.870178 86.560 59.2158
307.079407 86.571 60.5576
309.304626 86.592 61.8689
311.545990 86.620 63.1476
313.803589 86.652 64.3961
316.077545 86.687 65.6169
318.367981 86.723 66.8116
320.675018 86.760 67.9814
322.998749 86.796 69.1277
325.339325 86.830 70.2530
327.696869 86.860 71.3693
330.071503 86.885 72.4809
332.463348 86.905 73.5918
334.872528 86.918 74.7144
337.299164 86.926 75.8610
339.743378 86.931 77.0408
342.205292 86.933 78.2589
344.685059 86.935 79.5138
347.182800 86.939 80.7973
349.698639 86.946 82.0971
352.232697 86.955 83.3989
354.785126 86.965 84.6913
357.356049 86.973 85.9779
359.945587 86.976 87.2580
362.553894 86.974 88.5334
365.181122 86.963 89.8168
367.827362 86.943 91.1224
370.492798 86.915 92.4654
373.177551 86.878 93.8594
375.881744 86.835 95.3156
378.605530 86.787 96.8406
381.349060 86.736 98.4368
384.112488 86.684 100.1024
386.895935 86.633 101.8335
389.699554 86.584 103.6265
392.523468 86.538 105.4731
395.367859 86.496 107.3623
398.232849 86.458 109.2843
401.118622 86.421 111.2319
404.025299 86.386 113.2025
406.953033 86.351 115.1981
409.901978 86.313 117.2250
412.872284 86.273 119.2929
415.864136 86.230 121.4145
418.877655 86.185 123.6032
421.913025 86.141 125.8686
424.970367 86.100 128.2108
428.049866 86.065 130.6204
431.151703 86.039 133.0810
434.276001 86.021 135.5726
437.422943 86.012 138.0780
440.592682 86.008 140.5863
443.785400 86.009 143.0947
447.001251 86.013 145.6072
450.240417 86.018 148.1314
453.503052 86.024 150.6752
456.789307 86.032 153.2433
460.099396 86.044 155.8354
463.433472 86.059 158.4482
466.791687 86.079 161.0744
470.174255 86.103 163.7045
473.581329 86.131 166.3278
477.013092 86.160 168.9326
480.469727 86.188 171.5113
483.951416 86.212 174.0647
487.458313 86.229 176.6044
490.990631 86.235 179.1495
494.548553 86.233 -178.2789
498.132263 86.222 -175.6642
501.741943 86.204 -172.9951
505.377777 86.182 -170.2623
509.039948 86.157 -167.4627
512.728638 86.131 -164.5986
516.444092 86.106 -161.6742
520.186462 86.084 -158.6958
523.955933 86.065 -155.6700
527.752747 86.049 -152.6048
531.577087 86.037 -149.5088
535.429138 86.029 -146.3905
539.309082 86.021 -143.2554
543.217163 86.014 -140.1034
547.153564 86.006 -136.9301
551.118469 85.995 -133.7297
555.112122 85.981 -130.4918
559.134705 85.965 -127.2057
563.186401 85.948 -123.8647
567.267456 85.930 -120.4659
571.378113 85.912 -117.0083
575.518555 85.895 -113.4925
579.689026 85.880 -109.9186
583.889709 85.867 -106.2859
588.120789 85.857 -102.5931
592.382568 85.851 -98.8387
596.675232 85.850 -95.0221
600.998962 85.855 -91.1509
605.354065 85.868 -87.2289
609.740723 85.890 -83.2602
614.159180 85.922 -79.2564
618.609619 85.963 -75.2317
623.092346 86.014 -71.2007
627.607544 86.074 -67.1761
632.155457 86.140 -63.1649
636.736328 86.212 -59.1700
641.350403 86.289 -55.1937
645.997864 86.370 -51.2411
650.679016 86.454 -47.3204
655.394104 86.539 -43.4474
660.143372 86.623 -39.6270
664.927063 86.703 -35.8547
669.745422 86.776 -32.1245
674.598694 86.839 -28.4249
679.487122 86.891 -24.7413
684.410950 86.930 -21.0579
689.370483 86.957 -17.3600
694.365967 86.971 -13.6342
699.397644 86.972 -9.8678
704.465759 86.960 -6.0478
709.570618 86.936 -2.1591
714.712463 86.899 1.8158
719.891541 86.852 5.8933
725.108154 86.796 10.0862
730.362610 86.735 14.4030
735.655090 86.671 18.8469
740.985962 86.608 23.4175
746.355469 86.547 28.1125
751.763855 86.491 32.9294
757.211426 86.443 37.8644
762.698486 86.403 42.9115
768.225342 86.375 48.0620
773.792236 86.361 53.3033
779.399475 86.362 58.6263
785.047302 86.380 64.0086
790.736084 86.414 69.4231
796.466064 86.465 74.8504
802.237610 86.532 80.2723
808.050964 86.614 85.6717
813.906433 86.708 91.0320
819.804321 86.812 96.3397
825.744934 86.923 101.5846
831.728638 87.038 106.7608
837.755676 87.154 111.8663
843.826416 87.267 116.9020
849.941101 87.375 121.8813
856.100098 87.475 126.8097
862.303772 87.563 131.6924
868.552368 87.639 136.5432
874.846252 87.699 141.3780
881.185730 87.742 146.2145
887.571167 87.767 151.0723
894.002869 87.774 155.9731
900.481201 87.762 160.9402
907.006470 87.732 165.9976
913.579041 87.687 171.1680
920.199219 87.628 176.4725
926.867371 87.558 -178.0678
933.583862 87.483 -172.4378
940.348999 87.406 -166.6284
947.163147 87.334 -160.6366
954.026672 87.272 -154.4705
960.939941 87.226 -148.1492
967.903320 87.200 -141.7028
974.917175 87.198 -135.1692
981.981812 87.221 -128.5899
989.097656 87.266 -122.0048
996.265076 87.331 -115.4495
1003.484436 87.411 -108.9519
1010.756104 87.500 -102.5462
1018.080444 87.591 -96.2354
1025.457886 87.680 -90.0047
1032.888794 87.761 -83.8430
1040.373535 87.830 -77.7329
1047.912476 87.882 -71.6521
1055.506104 87.917 -65.5740
1063.154785 87.931 -59.4698
1070.858887 87.926 -53.3092
1078.618774 87.902 -47.0619
1086.434937 87.862 -40.7003
1094.307739 87.808 -34.2012
1102.237549 87.745 -27.5625
1110.224854 87.678 -20.7706
1118.270020 87.612 -13.8139
1126.373413 87.551 -6.6998
1134.535522 87.499 0.5564
1142.756836 87.460 7.9344
1151.037720 87.436 15.4119
1159.378662 87.427 22.9670
1167.780029 87.434 30.5801
1176.242188 87.456 38.2332
1184.765747 87.491 45.9089
1193.351074 87.540 53.5918
1201.998535 87.598 61.2628
1210.708740 87.664 68.9110
1219.482056 87.735 76.5305
1228.318970 87.807 84.1152
1237.219849 87.875 91.6663
1246.185303 87.937 99.1899
1255.215698 87.989 106.6998
1264.311523 88.028 114.2145
1273.473267 88.052 121.7561
1282.701416 88.063 129.3475
1291.996460 88.061 137.0103
1301.358765 88.046 144.7631
1310.788940 88.023 152.6241
1320.287476 87.993 160.6008
1329.854858 87.961 168.6940
1339.491577 87.930 176.9012
1349.198120 87.902 -174.7850
1358.974976 87.879 -166.3756
1368.822632 87.864 -157.8846
1378.741699 87.857 -149.3276
1388.732666 87.858 -140.7212
1398.796021 87.866 -132.0816
1408.932251 87.880 -123.4231
1419.141968 87.896 -114.7569
1429.425659 87.911 -106.0756
1439.783813 87.922 -97.3848
1450.217041 87.925 -88.6912
1460.725952 87.917 -79.9844
1471.311035 87.894 -71.2480
1481.972778 87.854 -62.4606
1492.711792 87.794 -53.5949
1503.528564 87.714 -44.6219
1514.423706 87.615 -35.5114
1525.397827 87.499 -26.2337
1536.451538 87.368 -16.7623
1547.585327 87.228 -7.0762
1558.799805 87.083 2.8477
1570.095459 86.940 13.0145
1581.473022 86.805 23.4172
1592.932983 86.685 34.0446
1604.476074 86.586 44.8750
1616.102783 86.513 55.8753
1627.813721 86.471 67.0035
1639.609497 86.459 78.2127
1651.490723 86.476 89.4557
1663.458130 86.519 100.6920
1675.512207 86.580 111.8917
1687.653687 86.654 123.0394
1699.883179 86.733 134.1350
1712.201294 86.811 145.1910
1724.608643 86.882 156.2322
1737.105835 86.944 167.2897
1749.693604 86.997 178.3982
1762.372559 87.041 -170.4098
1775.143433 87.080 -159.1089
1788.006836 87.121 -147.6855
1800.963501 87.168 -136.1421
1814.014038 87.225 -124.4969
1827.159180 87.297 -112.7815
1840.399536 87.382 -101.0327
1853.735840 87.475 -89.2947
1867.168823 87.572 -77.5884
1880.699097 87.664 -65.9148
1894.327393 87.743 -54.2621
1908.054443 87.803 -42.6010
1921.880981 87.841 -30.8896
1935.807739 87.856 -19.0804
1949.835449 87.852 -7.1279
1963.964722 87.834 5.0029
1978.196411 87.810 17.3300
1992.531250 87.789 29.8496
2006.969971 87.778 42.5378
2021.513306 87.780 55.3416
2036.161987 87.795 68.2201
2050.916748 87.821 81.1425
2065.778564 87.849 94.0856
2080.748047 87.871 107.0465
2095.825928 87.881 120.0441
2111.013184 87.874 133.1136
2126.310547 87.847 146.2985
2141.718750 87.802 159.6399
2157.238525 87.744 173.1700
2172.870850 87.681 -173.0969
2188.616455 87.618 -159.1674
2204.476074 87.562 -145.0719
2220.450684 87.515 -130.8441
2236.541016 87.475 -116.5133
2252.747803 87.438 -102.0990
2269.072021 87.399 -87.6028
2285.514648 87.351 -73.0061
2302.076416 87.292 -58.2778
2318.758301 87.222 -43.3821
2335.561035 87.143 -28.2871
2352.485352 87.061 -12.9758
2369.532471 86.983 2.5509
2386.703125 86.912 18.2738
2403.998047 86.852 34.1688
2421.418457 86.803 50.2023
2438.965088 86.759 66.3462
2456.638916 86.715 82.5973
2474.440674 86.666 98.9741
2492.371582 86.607 115.5159
2510.432373 86.538 132.2678
2528.624023 86.463 149.2690
2546.947510 86.390 166.5374
2565.403809 86.327 -175.9370
2583.993896 86.280 -158.1927
2602.718506 86.251 -140.2800
2621.578857 86.239 -122.2335
2640.575928 86.241 -104.0820
2659.710693 86.250 -85.8344
2678.984131 86.264 -67.4681
2698.397217 86.284 -48.9557
2717.950928 86.312 -30.2799
2737.646240 86.352 -11.4454
2757.484375 86.407 7.5208
2777.466309 86.477 26.5771
2797.593018 86.557 45.6853
2817.865479 86.642 64.8259
2838.284912 86.724 84.0059
2858.852295 86.800 103.2612
2879.568604 86.870 122.6213
2900.435059 86.936 142.1052
2921.452881 87.002 161.7195
2942.623047 87.069 -178.5449
2963.946533 87.139 -158.7085
2985.424561 87.208 -138.7878
3007.058105 87.271 -118.7876
3028.848389 87.323 -98.6970
3050.796631 87.360 -78.4866
3072.904053 87.381 -58.1230
3095.171631 87.389 -37.5759
3117.600586 87.385 -16.8269
3140.191895 87.375 4.1277
3162.947021 87.360 25.2817
3185.866943 87.340 46.6250
3208.953125 87.315 68.1538
3232.206543 87.281 89.8787
3255.628418 87.240 111.8210
3279.219971 87.191 134.0022
3302.982666 87.140 156.4341
3326.917480 87.091 179.1111
3351.025635 87.046 -157.9832
3375.308594 87.006 -134.8706
3399.767578 86.969 -111.5698
3424.403809 86.933 -88.0784
3449.218506 86.898 -64.3789
3474.212891 86.863 -40.4595
3499.388428 86.833 -16.3181
3524.746338 86.807 8.0334
3550.288086 86.788 32.5757
3576.014893 86.774 57.2900
3601.928223 86.762 82.1699
3628.029297 86.751 107.2234
3654.319580 86.739 132.4622
3680.800293 86.729 157.8933
3707.472900 86.721 -176.4810
3734.338867 86.714 -150.6719
3761.399414 86.709 -124.6917
3788.656006 86.703 -98.5396
3816.110107 86.694 -72.2043
3843.763184 86.682 -45.6704
3871.616699 86.668 -18.9255
3899.672119 86.655 8.0312
3927.930664 86.643 35.1919
3956.394043 86.631 62.5471
3985.063721 86.618 90.0925
4013.941162 86.603 117.8347
4043.027832 86.584 145.7913
4072.325195 86.562 173.9680
4101.834961 86.538 -157.6409
4131.558594 86.512 -129.0391
4161.497559 86.482 -100.2268
4191.653320 86.447 -71.1965
4222.027832 86.407 -41.9312
4252.622559 86.363 -12.4182
4283.438965 86.317 17.3472
4314.478516 86.271 47.3606
4345.743164 86.225 77.6191
4377.234375 86.179 108.1204
4408.953613 86.134 138.8674
4440.902832 86.090 169.8608
4473.083496 86.049 -158.9038
4505.497070 86.011 -127.4373
4538.145996 85.976 -95.7500
4571.031250 85.942 -63.8469
4604.154785 85.908 -31.7266
4637.518555 85.874 0.6130
4671.124023 85.839 33.1709
4704.973145 85.802 65.9436
4739.067383 85.762 98.9312
4773.408691 85.717 132.1396
4807.998535 85.664 165.5876
4842.839355 85.604 -160.7124
4877.932617 85.534 -126.7515
4913.280273 85.454 -92.5127
4948.883789 85.363 -57.9775
4984.745605 85.263 -23.1230
5020.867188 85.156 12.0718
5057.250488 85.044 47.6182
5093.897461 84.932 83.5166
5130.810059 84.822 119.7656
5167.990234 84.717 156.3560
5205.439453 84.619 -166.7202
5243.160156 84.531 -129.4575
5281.154297 84.453 -91.8770
5319.423828 84.384 -54.0068
5357.970703 84.325 -15.8569
5396.796875 84.275 22.5664
5435.904297 84.233 61.2524
5475.294922 84.197 100.1953
5514.971191 84.166 139.3940
5554.935059 84.138 178.8486
5595.188477 84.113 -141.4331
5635.733398 84.089 -101.4448
5676.572266 84.067 -61.1816
5717.707031 84.047 -20.6235
5759.140137 84.026 20.2314
5800.873047 84.007 61.3721
5842.908691 83.987 102.8032
5885.249023 83.968 144.5278
5927.895996 83.948 -173.4517
5970.852051 83.928 -131.1299
6014.119141 83.908 -88.5073
6057.699707 83.888 -45.5913
6101.596191 83.868 -2.3838
6145.811035 83.846 41.1113
6190.346191 83.821 84.8931
6235.204102 83.790 128.9775
6280.386719 83.751 173.3716
6325.896973 83.703 -141.9111
6371.736816 83.644 -96.8477
6417.909180 83.573 -51.4150
6464.416016 83.492 -5.5903
6511.259766 83.401 40.6509
6558.442871 83.302 87.3320
6605.968262 83.196 134.4761
6653.837891 83.088 -177.8979
6702.054199 82.981 -129.7710
6750.620117 82.880 -81.1304
6799.538086 82.791 -31.9673
6848.810547 82.718 17.7085
6898.439941 82.668 67.8765
6948.428711 82.647 118.5039
6998.779785 82.657 169.5474
7049.495605 82.700 -139.0479
7100.579102 82.776 -87.3408
7152.032715 82.882 -35.3857
7203.859375 83.013 16.7686
7256.061523 83.162 69.0889
7308.642090 83.322 121.5576
7361.603516 83.486 174.1655
7414.948730 83.648 -133.0664
7468.680664 83.799 -80.1270
7522.801758 83.934 -27.0000
7577.314941 84.048 26.3467
7632.223145 84.136 79.9517
7687.529297 84.195 133.8594
7743.236328 84.223 -171.8823
7799.347168 84.221 -117.2266
7855.864258 84.188 -62.1260
7912.791016 84.128 -6.5361
7970.130371 84.044 49.5825
8027.885254 83.941 106.2617
8086.058594 83.825 163.5586
8144.653320 83.703 -138.5239
8203.672852 83.581 -80.0132
8263.120117 83.466 -20.9263
8322.998047 83.363 38.7085
8383.309570 83.277 98.8530
8444.058594 83.209 159.4673
8505.248047 83.160 -139.4912
8566.880859 83.126 -78.0562
8628.959961 83.106 -16.2563
8691.489258 83.096 45.8989
8754.471680 83.090 108.4058
8817.910156 83.086 171.3105
8881.808594 83.081 -125.3892
8946.169922 83.072 -61.7139
9010.997070 83.057 2.3521
9076.294922 83.034 66.8218
9142.065430 83.002 131.7148
9208.312500 82.960 -162.9541
9275.040039 82.908 -97.1719
9342.250977 82.846 -30.9277
9409.949219 82.774 35.7949
9478.137695 82.691 103.0068
9546.820312 82.599 170.7158
9616.000977 82.496 -121.0303
9685.682617 82.384 -52.2324
9755.869141 82.264 17.1035
9826.564453 82.134 86.9893
9897.771484 81.998 157.4414
9969.495117 81.854 -131.5264
10041.738281 81.705 -59.9023
10114.504883 81.552 12.3359
10187.798828 81.397 85.1973
10261.624023 81.244 158.6953
10335.984375 81.094 -127.1631
10410.882812 80.952 -52.3779
10486.324219 80.821 23.0459
10562.312500 80.705 99.0947
10638.851562 80.606 175.7520
10715.945312 80.526 -107.0078
10793.597656 80.466 -29.2148
10871.812500 80.426 49.0986
10950.593750 80.402 127.9082
11029.946289 80.392 -152.8086
11109.874023 80.392 -73.0635
11190.380859 80.396 7.1445
11271.470703 80.399 87.8232
11353.148438 80.397 168.9980
11435.417969 80.386 -109.2979
11518.284180 80.364 -27.0234
11601.750000 80.331 55.8574
11685.821289 80.289 139.3906
11770.501953 80.239 -136.3916
11855.795898 80.186 -51.4639
11941.708008 80.135 34.1904
12028.242188 80.091 120.5703
12115.403320 80.057 -152.3340
12203.196289 80.038 -64.5498
12291.625977 80.036 23.8936
12380.696289 80.050 112.9580
12470.412109 80.078 -157.4072
12560.778320 80.117 -67.2197
12651.798828 80.163 23.5098
12743.478516 80.211 114.7803
12835.823242 80.256 -153.3965
12928.836914 80.293 -61.0029
13022.524414 80.321 31.9883
13116.890625 80.338 125.6064
13211.941406 80.343 -140.1240
13307.680664 80.337 -45.1777
13404.113281 80.320 50.4639
13501.245117 80.294 146.8135
13599.081055 80.260 -116.1182
13697.625977 80.218 -18.3281
13796.884766 80.170 80.1904
13896.862305 80.116 179.4414
13997.564453 80.057 -80.5693
14098.996094 79.993 20.1602
14201.163086 79.926 121.6289
14304.070312 79.855 -136.1611
14407.723633 79.782 -33.2168
14512.127930 79.705 70.4600
14617.289062 79.625 174.8682
14723.211914 79.541 -79.9932
14829.902344 79.451 25.8984
14937.366211 79.355 132.5469
15045.608398 79.254 -120.0420
15154.634766 79.147 -11.8594
15264.451172 79.036 97.1064
15375.063477 78.922 -153.1455
15486.477539 78.806 -42.6162
15598.699219 78.687 68.7002
15711.733398 78.566 -179.1992
15825.586914 78.441 -66.2988
15940.265625 78.312 47.4111
16055.775391 78.178 161.9541
16172.122070 78.040 -82.6338
16289.311523 77.900 33.6631
16407.351562 77.759 150.8389
16526.246094 77.618 -91.1045
16646.001953 77.478 27.8359
16766.625000 77.340 147.6631
16888.123047 77.204 -91.6182
17010.501953 77.067 30.0020
17133.767578 76.930 152.5371
17257.925781 76.792 -83.9922
17382.984375 76.652 40.4453
17508.949219 76.513 165.8633
17635.826172 76.376 -67.6953
17763.623047 76.244 59.7715
17892.345703 76.120 -171.7578
18022.001953 76.005 -42.2988
18152.597656 75.900 88.1328
18284.138672 75.806 -140.4824
18416.632812 75.721 -8.1699
18550.087891 75.643 125.0586
18684.509766 75.570 -100.8105
18819.906250 75.498 34.2207
18956.283203 75.424 170.1621
19093.648438 75.344 -52.9766
19232.009766 75.255 84.6035
19371.373047 75.157 -137.0059
19511.746094 75.049 2.3965
19653.136719 74.934 142.8184
19795.550781 74.814 -75.7305
19938.998047 74.690 66.7480
20083.484375 74.566 -149.7793
20229.017578 74.441 -5.3320
20375.605469 74.313 140.0684
20523.255859 74.182 -73.5957
20671.976562 74.047 73.6777
20821.773438 73.905 -138.1094
20972.656250 73.758 11.0547
21124.632812 73.609 161.1797
21277.710938 73.462 -47.7188
21431.898438 73.322 104.3574
21587.203125 73.198 -102.5820
21743.632812 73.096 51.4492
21901.195312 73.024 -153.5430
22059.900391 0.000 2.3462
