* Measurement data measured by REW V5.30
* Source: EXCL: Microphone (2- UMM-6), MICROPHONE (Master Volume), R, volume: 0.320. Timing signal peak level -58.4 dBFS, measurement signal peak level -43.1 dBFS
* Format: 128k Log Swept Sine, 1 sweep at -12.0 dBFS using an acoustic timing reference
* Dated: Aug 17, 2026 6:53:32 PM
* REW Settings:
*  C-weighting compensation: Off
*  Target level: 75.0 dB
* Note: ; Delay -2.7736 ms (-951 mm, -(3 ft 1.45 in)) using estimated IR delay relative to Acoustic reference played from SPEAKER R with no timing offset Clock adjustment: -18.5 ppm
* Measurement: MID (1.9k)BW + TW (1.9k)LR
* Smoothing: 1/6 octave
* Frequency Step: 96 ppo
* Start Frequency: 30.029297 Hz
*
* Freq(Hz) SPL(dB) Phase(degrees)
30.029297 60.113 48.3061
30.246902 60.076 44.5338
30.466084 60.015 39.4717
30.686853 59.923 33.4896
30.909224 59.790 27.0080
31.133205 59.610 20.4416
31.358809 59.382 14.1534
31.586048 59.111 8.4337
31.814934 58.809 3.4985
32.045479 58.499 -0.5043
32.277695 58.210 -3.4983
32.511593 57.981 -5.4961
32.747185 57.851 -6.6265
32.984486 57.851 -7.1456
33.223503 57.995 -7.4061
33.464252 58.273 -7.7792
33.706749 58.657 -8.5637
33.951000 59.106 -9.9322
34.197021 59.583 -11.9300
34.444828 60.054 -14.5121
34.694431 60.494 -17.5752
34.945843 60.885 -20.9920
35.199074 61.215 -24.6358
35.454140 61.478 -28.3873
35.711056 61.669 -32.1391
35.969833 61.788 -35.7953
36.230484 61.834 -39.2712
36.493027 61.810 -42.4911
36.757469 61.718 -45.3855
37.023830 61.562 -47.8903
37.292122 61.346 -49.9457
37.562355 61.078 -51.5005
37.834549 60.766 -52.5080
38.108715 60.421 -52.9336
38.384865 60.057 -52.7658
38.663017 59.688 -52.0193
38.943184 59.330 -50.7356
39.225384 58.997 -48.9770
39.509628 58.702 -46.8114
39.795933 58.455 -44.2915
40.084309 58.265 -41.4367
40.374775 58.138 -38.2238
40.667347 58.083 -34.5966
40.962040 58.104 -30.4998
41.258869 58.205 -25.9484
41.557846 58.384 -21.1066
41.858990 58.628 -16.3319
42.162315 58.916 -12.1263
42.467842 59.221 -8.9862
42.775581 59.512 -7.2517
43.085552 59.759 -7.0567
43.397766 59.938 -8.3788
43.712246 60.034 -11.1299
44.029003 60.036 -15.2415
44.348057 59.941 -20.7378
44.669422 59.755 -27.8008
44.993114 59.487 -36.8368
45.319153 59.150 -48.4242
45.647552 58.763 -62.8836
45.978333 58.346 -79.3100
46.311512 57.919 -95.2288
46.647106 57.504 -108.3597
46.985130 57.114 -118.1515
47.325603 56.759 -125.1997
47.668545 56.443 -130.2701
48.013969 56.169 -133.9232
48.361900 55.939 -136.5004
48.712349 55.761 -138.2032
49.065338 55.646 -139.1544
49.420887 55.602 -139.4252
49.779011 55.633 -139.0213
50.139729 55.734 -137.8328
50.503063 55.893 -135.5694
50.869030 56.094 -131.6991
51.237648 56.319 -125.4094
51.608936 56.549 -115.5708
51.982918 56.767 -100.0922
52.359608 56.955 -68.8794
52.739025 57.101 14.0457
53.121193 57.198 55.9142
53.506130 57.238 68.8503
53.893856 57.218 74.3847
54.284393 57.135 76.9116
54.677761 56.989 78.0376
55.073978 56.779 78.5682
55.473068 56.511 78.9366
55.875050 56.195 79.3356
56.279942 55.844 79.7820
56.687771 55.473 80.1745
57.098553 55.094 80.3559
57.512314 54.720 80.1623
57.929073 54.363 79.4524
58.348850 54.035 78.0534
58.771671 53.747 75.7183
59.197556 53.512 72.0628
59.626526 53.334 66.4548
60.058605 53.212 57.9710
60.493816 53.138 45.8997
60.932178 53.102 31.7293
61.373718 53.096 20.4366
61.818459 53.118 16.0139
62.266422 53.172 17.8949
62.717632 53.260 23.1114
63.172112 53.385 29.0151
63.629883 53.538 34.2640
64.090973 53.705 38.5298
64.555405 53.864 41.9562
65.023201 53.995 44.8378
65.494385 54.080 47.4952
65.968987 54.110 50.2184
66.447021 54.086 53.2334
66.928520 54.016 56.6887
67.413513 53.913 60.6655
67.902016 53.789 65.2019
68.394058 53.659 70.3145
68.889671 53.535 76.0119
69.388878 53.429 82.2773
69.891701 53.352 89.0528
70.398163 53.314 96.2113
70.908295 53.325 103.5233
71.422127 53.387 110.6734
71.939682 53.503 117.3355
72.460983 53.666 123.2552
72.986069 53.870 128.2739
73.514954 54.104 132.2927
74.047676 54.356 135.2327
74.584259 54.610 137.0288
75.124725 54.850 137.6533
75.669113 55.062 137.1689
76.217445 55.236 135.7367
76.769745 55.372 133.5910
77.326050 55.481 131.0103
77.886383 55.577 128.2811
78.450783 55.681 125.6658
79.019272 55.812 123.3765
79.591881 55.985 121.5496
80.168640 56.209 120.2263
80.749573 56.488 119.3496
81.334717 56.812 118.7919
81.924103 57.168 118.4005
82.517761 57.534 118.0504
83.115723 57.892 117.6667
83.718010 58.225 117.2225
84.324669 58.522 116.7278
84.935722 58.777 116.2140
85.551201 58.989 115.7184
86.171143 59.162 115.2728
86.795578 59.304 114.8959
87.424538 59.420 114.5922
88.058052 59.520 114.3560
88.696159 59.609 114.1796
89.338890 59.695 114.0516
89.986275 59.784 113.9739
90.638351 59.884 113.9482
91.295151 60.003 113.9608
91.956711 60.146 113.9893
92.623070 60.316 114.0091
93.294258 60.513 114.0012
93.970306 60.735 113.9553
94.651253 60.981 113.8697
95.337135 61.249 113.7479
96.027985 61.538 113.5934
96.723846 61.846 113.4054
97.424744 62.172 113.1748
98.130722 62.515 112.8950
98.841820 62.872 112.5636
99.558067 63.244 112.1819
100.279503 63.628 111.7535
101.006172 64.026 111.2782
101.738106 64.437 110.7458
102.475342 64.857 110.1365
103.217918 65.281 109.4255
103.965881 65.702 108.5917
104.719261 66.111 107.6245
105.478104 66.501 106.5288
106.242439 66.865 105.3132
107.012314 67.198 104.0086
107.787766 67.500 102.6560
108.568840 67.768 101.2896
109.355576 68.005 99.9437
110.148010 68.214 98.6517
110.946190 68.398 97.4477
111.750153 68.560 96.3659
112.559937 68.708 95.4395
113.375595 68.847 94.6981
114.197159 68.984 94.1632
115.024681 69.127 93.8433
115.858200 69.281 93.7193
116.697754 69.454 93.7702
117.543396 69.647 93.9680
118.395164 69.863 94.2711
119.253105 70.105 94.6377
120.117264 70.372 95.0279
120.987686 70.665 95.4045
121.864410 70.983 95.7327
122.747490 71.325 95.9820
123.636971 71.689 96.1273
124.532898 72.071 96.1493
125.435318 72.469 96.0329
126.344276 72.875 95.7642
127.259819 73.286 95.3331
128.181992 73.692 94.7347
129.110855 74.086 93.9723
130.046448 74.460 93.0622
130.988815 74.808 92.0354
131.938019 75.127 90.9345
132.894089 75.413 89.8080
133.857101 75.669 88.7038
134.827087 75.898 87.6630
135.804108 76.107 86.7169
136.788193 76.301 85.8864
137.779419 76.489 85.1796
138.777832 76.679 84.6009
139.783478 76.879 84.1497
140.796402 77.095 83.8167
141.816666 77.333 83.5871
142.844330 77.595 83.4416
143.879440 77.884 83.3570
144.922043 78.198 83.3066
145.972214 78.537 83.2588
147.029984 78.898 83.1764
148.095428 79.274 83.0170
149.168594 79.661 82.7375
150.249527 80.048 82.3013
151.338303 80.428 81.6838
152.434967 80.791 80.8790
153.539566 81.130 79.9026
154.652176 81.438 78.7898
155.772842 81.716 77.5892
156.901642 81.963 76.3539
158.038620 82.185 75.1328
159.183838 82.388 73.9628
160.337357 82.579 72.8670
161.499222 82.766 71.8553
162.669510 82.953 70.9282
163.848282 83.145 70.0815
165.035599 83.345 69.3049
166.231522 83.555 68.5848
167.436096 83.775 67.9069
168.649414 84.004 67.2552
169.871521 84.242 66.6121
171.102478 84.488 65.9589
172.342361 84.737 65.2761
173.591232 84.988 64.5445
174.849152 85.236 63.7484
176.116180 85.479 62.8798
177.392395 85.713 61.9396
178.677856 85.937 60.9384
179.972626 86.150 59.8852
181.276779 86.352 58.7883
182.590393 86.543 57.6592
183.913513 86.721 56.5100
185.246231 86.889 55.3530
186.588608 87.047 54.1994
187.940704 87.196 53.0586
189.302597 87.336 51.9371
190.674362 87.470 50.8368
192.056061 87.597 49.7550
193.447784 87.717 48.6863
194.849594 87.829 47.6289
196.261551 87.930 46.5813
197.683746 88.018 45.5476
199.116241 88.091 44.5417
200.559113 88.149 43.5829
202.012451 88.195 42.6904
203.476318 88.230 41.8786
204.950790 88.260 41.1527
206.435944 88.288 40.5085
207.931870 88.317 39.9344
209.438629 88.347 39.4150
210.956314 88.380 38.9360
212.484985 88.414 38.4862
214.024734 88.448 38.0626
215.575653 88.481 37.6666
217.137802 88.513 37.2995
218.711273 88.544 36.9604
220.296143 88.574 36.6465
221.892502 88.603 36.3547
223.500427 88.631 36.0832
225.120010 88.656 35.8317
226.751328 88.679 35.6010
228.394455 88.697 35.3936
230.049500 88.711 35.2126
231.716537 88.720 35.0527
233.395645 88.724 34.9198
235.086929 88.723 34.8237
236.790466 88.717 34.7678
238.506348 88.706 34.7560
240.234665 88.690 34.7910
241.975510 88.672 34.8740
243.728958 88.649 35.0055
245.495117 88.623 35.1870
247.274078 88.593 35.4229
249.065933 88.559 35.7204
250.870773 88.521 36.0877
252.688690 88.481 36.5183
254.519775 88.440 37.0202
256.364136 88.400 37.6044
258.221863 88.362 38.2684
260.093048 88.330 39.0072
261.977783 88.303 39.8125
263.876190 88.284 40.6739
265.788361 88.272 41.5799
267.714386 88.268 42.5201
269.654358 88.271 43.4859
271.608398 88.281 44.4694
273.576599 88.297 45.4619
275.559052 88.318 46.4440
277.555878 88.341 47.4125
279.567169 88.364 48.3741
281.593018 88.385 49.3347
283.633545 88.401 50.3071
285.688873 88.410 51.3107
287.759094 88.413 52.3699
289.844330 88.411 53.5114
291.944672 88.407 54.7584
294.060211 88.407 56.1233
296.191101 88.417 57.6012
298.337433 88.443 59.1683
300.499298 88.488 60.7896
302.676849 88.553 62.4179
304.870178 88.635 64.0076
307.079407 88.731 65.5284
309.304626 88.835 66.9667
311.545990 88.941 68.3238
313.803589 89.048 69.6105
316.077545 89.152 70.8409
318.367981 89.252 72.0277
320.675018 89.347 73.1808
322.998749 89.438 74.3076
325.339325 89.524 75.4141
327.696869 89.603 76.5136
330.071503 89.676 77.6112
332.463348 89.742 78.7110
334.872528 89.802 79.8243
337.299164 89.858 80.9604
339.743378 89.911 82.1241
342.205292 89.963 83.3143
344.685059 90.015 84.5239
347.182800 90.070 85.7410
349.698639 90.124 86.9520
352.232697 90.178 88.1463
354.785126 90.228 89.3186
357.356049 90.270 90.4810
359.945587 90.304 91.6413
362.553894 90.327 92.8073
365.181122 90.338 93.9947
367.827362 90.339 95.2185
370.492798 90.330 96.4925
373.177551 90.312 97.8292
375.881744 90.287 99.2388
378.605530 90.258 100.7280
381.349060 90.227 102.2988
384.112488 90.196 103.9489
386.895935 90.168 105.6727
389.699554 90.145 107.4641
392.523468 90.127 109.3115
395.367859 90.116 111.2003
398.232849 90.111 113.1170
401.118622 90.110 115.0503
404.025299 90.112 116.9935
406.953033 90.116 118.9448
409.901978 90.118 120.9064
412.872284 90.118 122.8852
415.864136 90.116 124.8918
418.877655 90.111 126.9381
421.913025 90.105 129.0322
424.970367 90.101 131.1736
428.049866 90.100 133.3538
431.151703 90.104 135.5582
434.276001 90.111 137.7708
437.422943 90.121 139.9798
440.592682 90.131 142.1808
443.785400 90.138 144.3784
447.001251 90.141 146.5836
450.240417 90.138 148.8109
453.503052 90.129 151.0751
456.789307 90.117 153.3881
460.099396 90.102 155.7575
463.433472 90.086 158.1876
466.791687 90.071 160.6778
470.174255 90.059 163.2225
473.581329 90.051 165.8121
477.013092 90.047 168.4330
480.469727 90.046 171.0725
483.951416 90.044 173.7245
487.458313 90.042 176.3918
490.990631 90.036 179.0844
494.548553 90.028 -178.1868
498.132263 90.018 -175.4150
501.741943 90.007 -172.5987
505.377777 89.997 -169.7377
509.039948 89.989 -166.8365
512.728638 89.982 -163.9023
516.444092 89.978 -160.9413
520.186462 89.976 -157.9589
523.955933 89.976 -154.9585
527.752747 89.976 -151.9424
531.577087 89.976 -148.9126
535.429138 89.975 -145.8699
539.309082 89.972 -142.8113
543.217163 89.964 -139.7293
547.153564 89.952 -136.6126
551.118469 89.936 -133.4507
555.112122 89.916 -130.2312
559.134705 89.893 -126.9437
563.186401 89.871 -123.5841
567.267456 89.850 -120.1534
571.378113 89.832 -116.6558
575.518555 89.818 -113.0967
579.689026 89.809 -109.4818
583.889709 89.805 -105.8158
588.120789 89.806 -102.1021
592.382568 89.812 -98.3423
596.675232 89.825 -94.5379
600.998962 89.844 -90.6969
605.354065 89.870 -86.8227
609.740723 89.903 -82.9181
614.159180 89.944 -78.9922
618.609619 89.993 -75.0563
623.092346 90.048 -71.1213
627.607544 90.109 -67.1954
632.155457 90.172 -63.2813
636.736328 90.238 -59.3775
641.350403 90.306 -55.4820
645.997864 90.376 -51.5957
650.679016 90.446 -47.7238
655.394104 90.518 -43.8802
660.143372 90.587 -40.0687
664.927063 90.654 -36.2859
669.745422 90.714 -32.5275
674.598694 90.767 -28.7846
679.487122 90.811 -25.0455
684.410950 90.845 -21.2980
689.370483 90.870 -17.5313
694.365967 90.884 -13.7357
699.397644 90.889 -9.9024
704.465759 90.883 -6.0219
709.570618 90.867 -2.0827
714.712463 90.840 1.9294
719.891541 90.805 6.0280
725.108154 90.762 10.2239
730.362610 90.714 14.5250
735.655090 90.663 18.9354
740.985962 90.610 23.4563
746.355469 90.559 28.0887
751.763855 90.509 32.8342
757.211426 90.464 37.6935
762.698486 90.425 42.6660
768.225342 90.395 47.7481
773.792236 90.376 52.9315
779.399475 90.371 58.2100
785.047302 90.382 63.5623
790.736084 90.410 68.9607
796.466064 90.456 74.3840
802.237610 90.519 79.8111
808.050964 90.598 85.2214
813.906433 90.691 90.5953
819.804321 90.796 95.9160
825.744934 90.909 101.1707
831.728638 91.027 106.3514
837.755676 91.146 111.4551
843.826416 91.263 116.4825
849.941101 91.373 121.4476
856.100098 91.475 126.3572
862.303772 91.565 131.2175
868.552368 91.641 136.0444
874.846252 91.700 140.8552
881.185730 91.742 145.6693
887.571167 91.765 150.5074
894.002869 91.769 155.3917
900.481201 91.755 160.3451
907.006470 91.723 165.3909
913.579041 91.676 170.5504
920.199219 91.616 175.8427
926.867371 91.546 -178.7131
933.583862 91.471 -173.1038
940.348999 91.394 -167.3214
947.163147 91.320 -161.3625
954.026672 91.257 -155.2338
960.939941 91.208 -148.9514
967.903320 91.179 -142.5419
974.917175 91.173 -136.0398
981.981812 91.190 -129.4848
989.097656 91.231 -122.9163
996.265076 91.292 -116.3713
1003.484436 91.369 -109.8796
1010.756104 91.457 -103.4785
1018.080444 91.548 -97.1733
1025.457886 91.638 -90.9511
1032.888794 91.721 -84.8023
1040.373535 91.792 -78.7104
1047.912476 91.849 -72.6543
1055.506104 91.887 -66.6087
1063.154785 91.907 -60.5461
1070.858887 91.906 -54.4377
1078.618774 91.887 -48.2551
1086.434937 91.851 -41.9717
1094.307739 91.799 -35.5640
1102.237549 91.736 -29.0280
1110.224854 91.666 -22.3456
1118.270020 91.593 -15.4985
1126.373413 91.522 -8.4863
1134.535522 91.457 -1.3173
1142.756836 91.404 5.9938
1151.037720 91.365 13.4261
1159.378662 91.342 20.9559
1167.780029 91.337 28.5583
1176.242188 91.349 36.2083
1184.765747 91.379 43.8805
1193.351074 91.424 51.5524
1201.998535 91.481 59.1998
1210.708740 91.547 66.8089
1219.482056 91.617 74.3729
1228.318970 91.687 81.8873
1237.219849 91.753 89.3548
1246.185303 91.810 96.7856
1255.215698 91.855 104.1960
1264.311523 91.885 111.6080
1273.473267 91.898 119.0461
1282.701416 91.895 126.5361
1291.996460 91.876 134.1008
1301.358765 91.844 141.7612
1310.788940 91.801 149.5367
1320.287476 91.750 157.4368
1329.854858 91.696 165.4631
1339.491577 91.643 173.6140
1349.198120 91.593 -178.1179
1358.974976 91.551 -169.7461
1368.822632 91.518 -161.2881
1378.741699 91.495 -152.7644
1388.732666 91.483 -144.1969
1398.796021 91.480 -135.6074
1408.932251 91.483 -127.0146
1419.141968 91.490 -118.4324
1429.425659 91.496 -109.8542
1439.783813 91.495 -101.2836
1450.217041 91.483 -92.7234
1460.725952 91.456 -84.1577
1471.311035 91.410 -75.5637
1481.972778 91.342 -66.9136
1492.711792 91.251 -58.1755
1503.528564 91.137 -49.3173
1514.423706 91.000 -40.3074
1525.397827 90.845 -31.1174
1536.451538 90.674 -21.7241
1547.585327 90.492 -12.1094
1558.799805 90.305 -2.2529
1570.095459 90.116 7.8488
1581.473022 89.934 18.1895
1592.932983 89.762 28.7615
1604.476074 89.608 39.5482
1616.102783 89.476 50.5239
1627.813721 89.370 61.6532
1639.609497 89.293 72.8940
1651.490723 89.245 84.2020
1663.458130 89.223 95.5375
1675.512207 89.223 106.8690
1687.653687 89.238 118.1781
1699.883179 89.263 129.4596
1712.201294 89.292 140.7202
1724.608643 89.320 151.9773
1737.105835 89.345 163.2542
1749.693604 89.364 174.5778
1762.372559 89.379 -174.0250
1775.143433 89.391 -162.5316
1788.006836 89.405 -150.9287
1800.963501 89.425 -139.2151
1814.014038 89.455 -127.4047
1827.159180 89.498 -115.5239
1840.399536 89.554 -103.6066
1853.735840 89.621 -91.6945
1867.168823 89.691 -79.8088
1880.699097 89.759 -67.9526
1894.327393 89.817 -56.1176
1908.054443 89.859 -44.2782
1921.880981 89.881 -32.3967
1935.807739 89.881 -20.4286
1949.835449 89.862 -8.3285
1963.964722 89.828 3.9398
1978.196411 89.786 16.3990
1992.531250 89.744 29.0516
2006.969971 89.710 41.8798
2021.513306 89.688 54.8363
2036.161987 89.679 67.8821
2050.916748 89.682 80.9862
2065.778564 89.689 94.1215
2080.748047 89.694 107.2803
2095.825928 89.690 120.4756
2111.013184 89.671 133.7382
2126.310547 89.635 147.1086
2141.718750 89.583 160.6281
2157.238525 89.519 174.3275
2172.870850 89.448 -171.7771
2188.616455 89.379 -157.6893
2204.476074 89.316 -143.4373
2220.450684 89.261 -129.0498
2236.541016 89.214 -114.5537
2252.747803 89.171 -99.9674
2269.072021 89.127 -85.2941
2285.514648 89.078 -70.5189
2302.076416 89.021 -55.6167
2318.758301 88.955 -40.5565
2335.561035 88.883 -25.3107
2352.485352 88.809 -9.8643
2369.532471 88.738 5.7831
2386.703125 88.675 21.6168
2403.998047 88.622 37.6189
2421.418457 88.577 53.7609
2438.965088 88.539 70.0186
2456.638916 88.502 86.3877
2474.440674 88.460 102.8848
2492.371582 88.412 119.5432
2510.432373 88.357 136.4019
2528.624023 88.298 153.4951
2546.947510 88.242 170.8379
2565.403809 88.197 -171.5793
2583.993896 88.167 -153.7910
2602.718506 88.154 -135.8433
2621.578857 88.159 -117.7637
2640.575928 88.175 -99.5793
2659.710693 88.199 -81.2959
2678.984131 88.228 -62.8953
2698.397217 88.263 -44.3523
2717.950928 88.307 -25.6526
2737.646240 88.363 -6.8040
2757.484375 88.434 12.1675
2777.466309 88.518 31.2239
2797.593018 88.612 50.3313
2817.865479 88.710 69.4741
2838.284912 88.805 88.6609
2858.852295 88.895 107.9258
2879.568604 88.980 127.2966
2900.435059 89.060 146.7874
2921.452881 89.141 166.4036
2942.623047 89.223 -173.8652
2963.946533 89.306 -154.0376
2985.424561 89.386 -134.1279
3007.058105 89.460 -114.1382
3028.848389 89.521 -94.0542
3050.796631 89.568 -73.8467
3072.904053 89.599 -53.4832
3095.171631 89.617 -32.9363
3117.600586 89.625 -12.1897
3140.191895 89.626 8.7581
3162.947021 89.623 29.9016
3185.866943 89.615 51.2327
3208.953125 89.601 72.7500
3232.206543 89.579 94.4663
3255.628418 89.549 116.4019
3279.219971 89.513 138.5757
3302.982666 89.476 160.9966
3326.917480 89.441 -176.3430
3351.025635 89.410 -153.4597
3375.308594 89.384 -130.3718
3399.767578 89.361 -107.0977
3424.403809 89.338 -83.6328
3449.218506 89.316 -59.9595
3474.212891 89.294 -36.0679
3499.388428 89.276 -11.9570
3524.746338 89.263 12.3601
3550.288086 89.256 36.8645
3576.014893 89.252 61.5403
3601.928223 89.251 86.3835
3628.029297 89.249 111.4028
3654.319580 89.248 136.6099
3680.800293 89.248 162.0095
3707.472900 89.250 -172.3972
3734.338867 89.254 -146.6206
3761.399414 89.259 -120.6716
3788.656006 89.263 -94.5488
3816.110107 89.264 -68.2400
3843.763184 89.262 -41.7307
3871.616699 89.259 -15.0100
3899.672119 89.255 11.9219
3927.930664 89.254 39.0564
3956.394043 89.252 66.3848
3985.063721 89.250 93.9026
4013.941162 89.244 121.6165
4043.027832 89.236 149.5432
4072.325195 89.225 177.6875
4101.834961 89.212 -153.9573
4131.558594 89.196 -125.3953
4161.497559 89.177 -96.6248
4191.653320 89.153 -67.6382
4222.027832 89.123 -38.4192
4252.622559 89.089 -8.9543
4283.438965 89.053 20.7615
4314.478516 89.016 50.7236
4345.743164 88.978 80.9292
4377.234375 88.940 111.3779
4408.953613 88.903 142.0720
4440.902832 88.866 173.0144
4473.083496 88.831 -155.8005
4505.497070 88.800 -124.3835
4538.145996 88.770 -92.7446
4571.031250 88.742 -60.8879
4604.154785 88.714 -28.8125
4637.518555 88.685 3.4844
4671.124023 88.655 36.0010
4704.973145 88.623 68.7334
4739.067383 88.587 101.6816
4773.408691 88.545 134.8535
4807.998535 88.496 168.2651
4842.839355 88.439 -158.0698
4877.932617 88.372 -124.1406
4913.280273 88.295 -89.9341
4948.883789 88.208 -55.4292
4984.745605 88.112 -20.6030
5020.867188 88.008 14.5645
5057.250488 87.900 50.0854
5093.897461 87.792 85.9575
5130.810059 87.686 122.1816
5167.990234 87.585 158.7490
5205.439453 87.492 -164.3511
5243.160156 87.408 -127.1113
5281.154297 87.334 -89.5542
5319.423828 87.269 -51.7080
5357.970703 87.215 -13.5830
5396.796875 87.168 24.8145
5435.904297 87.130 63.4741
5475.294922 87.098 102.3896
5514.971191 87.072 141.5586
5554.935059 87.048 -179.0161
5595.188477 87.026 -139.3276
5635.733398 87.006 -99.3696
5676.572266 86.987 -59.1387
5717.707031 86.970 -18.6108
5759.140137 86.952 22.2148
5800.873047 86.935 63.3271
5842.908691 86.918 104.7310
5885.249023 86.901 146.4297
5927.895996 86.883 -171.5752
5970.852051 86.865 -129.2778
6014.119141 86.846 -86.6802
6057.699707 86.829 -43.7876
6101.596191 86.810 -0.6040
6145.811035 86.790 42.8677
6190.346191 86.766 86.6250
6235.204102 86.736 130.6860
6280.386719 86.699 175.0576
6325.896973 86.651 -140.2490
6371.736816 86.592 -95.2075
6417.909180 86.523 -49.7974
6464.416016 86.442 -3.9941
6511.259766 86.351 42.2261
6558.442871 86.252 88.8872
6605.968262 86.148 136.0107
6653.837891 86.040 -176.3823
6702.054199 85.934 -128.2754
6750.620117 85.833 -79.6538
6799.538086 85.744 -30.5103
6848.810547 85.673 19.1465
6898.439941 85.624 69.2954
6948.428711 85.604 119.9038
6998.779785 85.615 170.9292
7049.495605 85.661 -137.6851
7100.579102 85.739 -85.9971
7152.032715 85.847 -34.0635
7203.859375 85.980 18.0698
7256.061523 86.131 70.3687
7308.642090 86.293 122.8149
7361.603516 86.460 175.4009
7414.948730 86.623 -131.8535
7468.680664 86.776 -78.9351
7522.801758 86.912 -25.8271
7577.314941 87.027 27.5005
7632.223145 87.116 81.0884
7687.529297 87.175 134.9800
7743.236328 87.204 -170.7769
7799.347168 87.202 -116.1353
7855.864258 87.170 -61.0483
7912.791016 87.110 -5.4722
7970.130371 87.026 50.6328
8027.885254 86.923 107.2983
8086.058594 86.807 164.5806
8144.653320 86.684 -137.5166
8203.672852 86.562 -79.0200
8263.120117 86.447 -19.9478
8322.998047 86.344 39.6724
8383.309570 86.258 99.8047
8444.058594 86.190 160.4058
8505.248047 86.140 -138.5654
8566.880859 86.107 -77.1426
8628.959961 86.088 -15.3540
8691.489258 86.077 46.7891
8754.471680 86.072 109.2852
8817.910156 86.069 172.1777
8881.808594 86.065 -124.5342
8946.169922 86.057 -60.8711
9010.997070 86.043 3.1807
9076.294922 86.020 67.6367
9142.065430 85.989 132.5156
9208.312500 85.948 -162.1689
9275.040039 85.897 -96.4043
9342.250977 85.835 -30.1758
9409.949219 85.763 36.5303
9478.137695 85.681 103.7246
9546.820312 85.589 171.4180
9616.000977 85.486 -120.3438
9685.682617 85.374 -51.5596
9755.869141 85.254 17.7637
9826.564453 85.124 87.6387
9897.771484 84.987 158.0820
9969.495117 84.843 -130.8936
10041.738281 84.694 -59.2734
10114.504883 84.541 12.9619
10187.798828 84.386 85.8193
10261.624023 84.232 159.3174
10335.984375 84.082 -126.5430
10410.882812 83.941 -51.7617
10486.324219 83.810 23.6592
10562.312500 83.694 99.7041
10638.851562 83.596 176.3545
10715.945312 83.517 -106.4131
10793.597656 83.457 -28.6309
10871.812500 83.417 49.6709
10950.593750 83.394 128.4697
11029.946289 83.384 -152.2598
11109.874023 83.384 -72.5264
11190.380859 83.388 7.6689
11271.470703 83.392 88.3369
11353.148438 83.390 169.5000
11435.417969 83.379 -108.8066
11518.284180 83.358 -26.5400
11601.750000 83.325 56.3330
11685.821289 83.283 139.8594
11770.501953 83.233 -135.9316
11855.795898 83.181 -51.0098
11941.708008 83.129 34.6396
12028.242188 83.085 121.0127
12115.403320 83.051 -151.8984
12203.196289 83.032 -64.1182
12291.625977 83.029 24.3193
12380.696289 83.043 113.3779
12470.412109 83.071 -156.9912
12560.778320 83.111 -66.8105
12651.798828 83.157 23.9131
12743.478516 83.205 115.1758
12835.823242 83.249 -153.0107
12928.836914 83.287 -60.6250
13022.524414 83.314 32.3574
13116.890625 83.330 125.9648
13211.941406 83.335 -139.7744
13307.680664 83.328 -44.8379
13404.113281 83.310 50.7949
13501.245117 83.283 147.1377
13599.081055 83.248 -115.8008
13697.625977 83.206 -18.0176
13796.884766 83.158 80.4951
13896.862305 83.104 179.7402
13997.564453 83.045 -80.2754
14098.996094 82.981 20.4473
14201.163086 82.914 121.9082
14304.070312 82.844 -135.8916
14407.723633 82.771 -32.9580
14512.127930 82.695 70.7070
14617.289062 82.616 175.1035
14723.211914 82.531 -79.7686
14829.902344 82.441 26.1113
14937.366211 82.345 132.7520
15045.608398 82.243 -119.8428
15154.634766 82.135 -11.6650
15264.451172 82.023 97.2979
15375.063477 81.908 -152.9561
15486.477539 81.791 -42.4268
15598.699219 81.671 68.8916
15711.733398 81.549 -179.0068
15825.586914 81.423 -66.1045
15940.265625 81.292 47.6064
16055.775391 81.157 162.1514
16172.122070 81.019 -82.4346
16289.311523 80.877 33.8633
16407.351562 80.735 151.0410
16526.246094 80.594 -90.9023
16646.001953 80.453 28.0381
16766.625000 80.315 147.8643
16888.123047 80.178 -91.4199
17010.501953 80.041 30.1953
17133.767578 79.903 152.7266
17257.925781 79.764 -83.8047
17382.984375 79.625 40.6270
17508.949219 79.485 166.0410
17635.826172 79.348 -67.5176
17763.623047 79.216 59.9492
17892.345703 79.091 -171.5820
18022.001953 78.976 -42.1230
18152.597656 78.872 88.3086
18284.138672 78.778 -140.3027
18416.632812 78.693 -7.9922
18550.087891 78.616 125.2363
18684.509766 78.544 -100.6309
18819.906250 78.473 34.3965
18956.283203 78.399 170.3301
19093.648438 78.319 -52.8125
19232.009766 78.230 84.7637
19371.373047 78.132 -136.8516
19511.746094 78.024 2.5449
19653.136719 77.908 142.9590
19795.550781 77.787 -75.5938
19938.998047 77.663 66.8770
20083.484375 77.538 -149.6543
20229.017578 77.412 -5.2109
20375.605469 77.283 140.1855
20523.255859 77.152 -73.4785
20671.976562 77.015 73.7949
20821.773438 76.872 -137.9863
20972.656250 76.725 11.1855
21124.632812 76.575 161.3203
21277.710938 76.428 -47.5645
21431.898438 76.289 104.5254
21587.203125 76.165 -102.4004
21743.632812 76.063 51.6465
21901.195312 75.991 -153.3320
22059.900391 0.000 2.5680
