* Measurement data measured by REW V5.30
* Source: EXCL: Microphone (2- UMM-6), MICROPHONE (Master Volume), R, volume: 0.320. Timing signal peak level -58.6 dBFS, measurement signal peak level -43.1 dBFS
* Format: 128k Log Swept Sine, 1 sweep at -12.0 dBFS using an acoustic timing reference
* Dated: Aug 17, 2026 6:58:42 PM
* REW Settings:
*  C-weighting compensation: Off
*  Target level: 75.0 dB
* Note: ; Delay -2.7729 ms (-951 mm, -(3 ft 1.44 in)) using estimated IR delay relative to Acoustic reference played from SPEAKER R with no timing offset Clock adjustment: -17.9 ppm
* Measurement: MID BW + TW BW
* Smoothing: 1/6 octave
* Frequency Step: 96 ppo
* Start Frequency: 30.029297 Hz
*
* Freq(Hz) SPL(dB) Phase(degrees)
30.029297 77.237 -131.2869
30.246902 77.348 -130.8684
30.466084 77.495 -130.4305
30.686853 77.675 -130.0314
30.909224 77.881 -129.7273
31.133205 78.110 -129.5654
31.358809 78.355 -129.5798
31.586048 78.612 -129.7924
31.814934 78.878 -130.2159
32.045479 79.147 -130.8580
32.277695 79.417 -131.7229
32.511593 79.684 -132.8118
32.747185 79.943 -134.1212
32.984486 80.188 -135.6406
33.223503 80.414 -137.3502
33.464252 80.616 -139.2210
33.706749 80.792 -141.2162
33.951000 80.940 -143.2940
34.197021 81.061 -145.4121
34.444828 81.158 -147.5345
34.694431 81.232 -149.6266
34.945843 81.288 -151.6584
35.199074 81.329 -153.6090
35.454140 81.356 -155.4605
35.711056 81.372 -157.1957
35.969833 81.378 -158.7953
36.230484 81.375 -160.2382
36.493027 81.368 -161.5044
36.757469 81.361 -162.5814
37.023830 81.363 -163.4713
37.292122 81.381 -164.1971
37.562355 81.420 -164.8082
37.834549 81.485 -165.3682
38.108715 81.572 -165.9465
38.384865 81.675 -166.6084
38.663017 81.786 -167.4000
38.943184 81.892 -168.3407
39.225384 81.985 -169.4233
39.509628 82.058 -170.6193
39.795933 82.106 -171.8870
40.084309 82.131 -173.1809
40.374775 82.135 -174.4588
40.667347 82.124 -175.6877
40.962040 82.106 -176.8441
41.258869 82.088 -177.9186
41.557846 82.077 -178.9126
41.858990 82.078 -179.8332
42.162315 82.098 179.3082
42.467842 82.139 178.4973
42.775581 82.204 177.7170
43.085552 82.296 176.9470
43.397766 82.412 176.1628
43.712246 82.550 175.3366
44.029003 82.707 174.4408
44.348057 82.875 173.4524
44.669422 83.045 172.3632
44.993114 83.209 171.1735
45.319153 83.359 169.8971
45.647552 83.490 168.5640
45.978333 83.599 167.2120
46.311512 83.686 165.8806
46.647106 83.756 164.6033
46.985130 83.815 163.4019
47.325603 83.870 162.2814
47.668545 83.929 161.2288
48.013969 83.998 160.2127
48.361900 84.082 159.1886
48.712349 84.180 158.1027
49.065338 84.289 156.9050
49.420887 84.402 155.5576
49.779011 84.510 154.0400
50.139729 84.605 152.3549
50.503063 84.676 150.5293
50.869030 84.721 148.6098
51.237648 84.736 146.6544
51.608936 84.727 144.7223
51.982918 84.698 142.8632
52.359608 84.661 141.1086
52.739025 84.624 139.4681
53.121193 84.596 137.9514
53.506130 84.580 136.5310
53.893856 84.577 135.1693
54.284393 84.583 133.8524
54.677761 84.592 132.5818
55.073978 84.599 131.3757
55.473068 84.599 130.2647
55.875050 84.591 129.2849
56.279942 84.578 128.4687
56.687771 84.564 127.8367
57.098553 84.556 127.3918
57.512314 84.562 127.1162
57.929073 84.587 126.9874
58.348850 84.636 126.9509
58.771671 84.711 126.9382
59.197556 84.809 126.8909
59.626526 84.928 126.7557
60.058605 85.061 126.4902
60.493816 85.204 126.0657
60.932178 85.350 125.4682
61.373718 85.493 124.6974
61.818459 85.629 123.7634
62.266422 85.755 122.6836
62.717632 85.871 121.4790
63.172112 85.974 120.1855
63.629883 86.065 118.8236
64.090973 86.145 117.4077
64.555405 86.215 115.9588
65.023201 86.277 114.4944
65.494385 86.331 113.0275
65.968987 86.379 111.5669
66.447021 86.421 110.1178
66.928520 86.458 108.6823
67.413513 86.490 107.2599
67.902016 86.515 105.8479
68.394058 86.533 104.4435
68.889671 86.542 103.0516
69.388878 86.540 101.6750
69.891701 86.526 100.3195
70.398163 86.499 98.9985
70.908295 86.463 97.7267
71.422127 86.419 96.5161
71.939682 86.371 95.3726
72.460983 86.324 94.2934
72.986069 86.279 93.2663
73.514954 86.239 92.2742
74.047676 86.201 91.3019
74.584259 86.162 90.3440
75.124725 86.118 89.4007
75.669113 86.068 88.4928
76.217445 86.010 87.6482
76.769745 85.949 86.8857
77.326050 85.887 86.2156
77.886383 85.830 85.6379
78.450783 85.784 85.1425
79.019272 85.756 84.7095
79.591881 85.749 84.3094
80.168640 85.768 83.9036
80.749573 85.815 83.4477
81.334717 85.886 82.8981
81.924103 85.976 82.2164
82.517761 86.078 81.3817
83.115723 86.184 80.3901
83.718010 86.284 79.2493
84.324669 86.371 77.9773
84.935722 86.438 76.5978
85.551201 86.480 75.1377
86.171143 86.493 73.6255
86.795578 86.474 72.0903
87.424538 86.424 70.5614
88.058052 86.343 69.0668
88.696159 86.233 67.6312
89.338890 86.101 66.2663
89.986275 85.951 64.9881
90.638351 85.789 63.8113
91.295151 85.621 62.7404
91.956711 85.451 61.7759
92.623070 85.284 60.9131
93.294258 85.122 60.1427
93.970306 84.966 59.4521
94.651253 84.814 58.8306
95.337135 84.661 58.2754
96.027985 84.504 57.7981
96.723846 84.337 57.4278
97.424744 84.159 57.2066
98.130722 83.970 57.1924
98.841820 83.776 57.4466
99.558067 83.588 58.0166
100.279503 83.421 58.9218
101.006172 83.292 60.1391
101.738106 83.216 61.5977
102.475342 83.204 63.1860
103.217918 83.261 64.7698
103.965881 83.380 66.2159
104.719261 83.552 67.4135
105.478104 83.760 68.2885
106.242439 83.988 68.7973
107.012314 84.220 68.9462
107.787766 84.443 68.7741
108.568840 84.651 68.3279
109.355576 84.837 67.6579
110.148010 84.999 66.8112
110.946190 85.134 65.8300
111.750153 85.242 64.7548
112.559937 85.322 63.6247
113.375595 85.375 62.4761
114.197159 85.403 61.3394
115.024681 85.408 60.2374
115.858200 85.394 59.1751
116.697754 85.362 58.1688
117.543396 85.313 57.2417
118.395164 85.249 56.4136
119.253105 85.173 55.7094
120.117264 85.087 55.1554
120.987686 85.000 54.7718
121.864410 84.917 54.5662
122.747490 84.849 54.5293
123.636971 84.801 54.6374
124.532898 84.781 54.8564
125.435318 84.791 55.1472
126.344276 84.834 55.4651
127.259819 84.908 55.7625
128.181992 85.012 55.9887
129.110855 85.140 56.0921
130.046448 85.283 56.0288
130.988815 85.432 55.7713
131.938019 85.576 55.3133
132.894089 85.708 54.6693
133.857101 85.820 53.8686
134.827087 85.909 52.9484
135.804108 85.973 51.9471
136.788193 86.010 50.9016
137.779419 86.021 49.8413
138.777832 86.007 48.7974
139.783478 85.968 47.8020
140.796402 85.905 46.8872
141.816666 85.818 46.0901
142.844330 85.711 45.4539
143.879440 85.586 45.0246
144.922043 85.452 44.8464
145.972214 85.318 44.9542
147.029984 85.195 45.3631
148.095428 85.098 46.0603
149.168594 85.039 46.9989
150.249527 85.028 48.1004
151.338303 85.070 49.2598
152.434967 85.164 50.3615
153.539566 85.300 51.3010
154.652176 85.465 52.0024
155.772842 85.645 52.4291
156.901642 85.824 52.5837
158.038620 85.990 52.4998
159.183838 86.136 52.2303
160.337357 86.255 51.8360
161.499222 86.348 51.3780
162.669510 86.415 50.9118
163.848282 86.460 50.4875
165.035599 86.486 50.1443
166.231522 86.500 49.9128
167.436096 86.507 49.8185
168.649414 86.513 49.8778
169.871521 86.528 50.0948
171.102478 86.557 50.4562
172.342361 86.607 50.9305
173.591232 86.682 51.4709
174.849152 86.783 52.0242
176.116180 86.907 52.5426
177.392395 87.050 52.9923
178.677856 87.208 53.3586
179.972626 87.377 53.6340
181.276779 87.555 53.8150
182.590393 87.737 53.9021
183.913513 87.923 53.8961
185.246231 88.109 53.7991
186.588608 88.292 53.6168
187.940704 88.470 53.3600
189.302597 88.643 53.0437
190.674362 88.809 52.6836
192.056061 88.970 52.2907
193.447784 89.127 51.8692
194.849594 89.280 51.4188
196.261551 89.427 50.9324
197.683746 89.567 50.4034
199.116241 89.697 49.8346
200.559113 89.815 49.2377
202.012451 89.919 48.6310
203.476318 90.010 48.0347
204.950790 90.090 47.4652
206.435944 90.162 46.9318
207.931870 90.230 46.4358
209.438629 90.295 45.9718
210.956314 90.358 45.5323
212.484985 90.421 45.1097
214.024734 90.483 44.7010
215.575653 90.543 44.3060
217.137802 90.603 43.9221
218.711273 90.662 43.5437
220.296143 90.719 43.1640
221.892502 90.773 42.7776
223.500427 90.822 42.3838
225.120010 90.865 41.9859
226.751328 90.900 41.5900
228.394455 90.927 41.2037
230.049500 90.946 40.8344
231.716537 90.957 40.4807
233.395645 90.960 40.1513
235.086929 90.957 39.8585
236.790466 90.947 39.6070
238.506348 90.932 39.4005
240.234665 90.913 39.2408
241.975510 90.890 39.1277
243.728958 90.863 39.0598
245.495117 90.834 39.0365
247.274078 90.800 39.0598
249.065933 90.763 39.1332
250.870773 90.723 39.2612
252.688690 90.681 39.4334
254.519775 90.637 39.6542
256.364136 90.593 39.9324
258.221863 90.548 40.2655
260.093048 90.504 40.6511
261.977783 90.461 41.0878
263.876190 90.418 41.5757
265.788361 90.375 42.1164
267.714386 90.335 42.7120
269.654358 90.296 43.3629
271.608398 90.262 44.0652
273.576599 90.233 44.8085
275.559052 90.209 45.5678
277.555878 90.190 46.3317
279.567169 90.172 47.0988
281.593018 90.153 47.8688
283.633545 90.129 48.6506
285.688873 90.100 49.4619
287.759094 90.062 50.3268
289.844330 90.019 51.2715
291.944672 89.972 52.3187
294.060211 89.927 53.4813
296.191101 89.890 54.7571
298.337433 89.866 56.1276
300.499298 89.858 57.5648
302.676849 89.868 59.0292
304.870178 89.895 60.4824
307.079407 89.935 61.8989
309.304626 89.985 63.2655
311.545990 90.042 64.5800
313.803589 90.101 65.8462
316.077545 90.163 67.0690
318.367981 90.224 68.2527
320.675018 90.283 69.4010
322.998749 90.339 70.5176
325.339325 90.391 71.6077
327.696869 90.436 72.6861
330.071503 90.475 73.7604
332.463348 90.505 74.8378
334.872528 90.528 75.9331
337.299164 90.545 77.0594
339.743378 90.558 78.2259
342.205292 90.569 79.4357
344.685059 90.580 80.6850
347.182800 90.594 81.9635
349.698639 90.610 83.2571
352.232697 90.628 84.5516
354.785126 90.645 85.8368
357.356049 90.660 87.1187
359.945587 90.670 88.3994
362.553894 90.672 89.6826
365.181122 90.666 90.9819
367.827362 90.650 92.3118
370.492798 90.627 93.6868
373.177551 90.597 95.1194
375.881744 90.561 96.6193
378.605530 90.522 98.1917
381.349060 90.481 99.8372
384.112488 90.442 101.5526
386.895935 90.405 103.3323
389.699554 90.372 105.1713
392.523468 90.344 107.0601
395.367859 90.321 108.9860
398.232849 90.303 110.9381
401.118622 90.289 112.9075
404.025299 90.278 114.8893
406.953033 90.267 116.8828
409.901978 90.257 118.8912
412.872284 90.244 120.9217
415.864136 90.230 122.9845
418.877655 90.213 125.0911
421.913025 90.197 127.2486
424.970367 90.184 129.4555
428.049866 90.175 131.7017
431.151703 90.171 133.9710
434.276001 90.172 136.2463
437.422943 90.177 138.5148
440.592682 90.181 140.7717
443.785400 90.182 143.0221
447.001251 90.179 145.2781
450.240417 90.170 147.5559
453.503052 90.155 149.8724
456.789307 90.136 152.2413
460.099396 90.114 154.6713
463.433472 90.091 157.1669
466.791687 90.071 159.7267
470.174255 90.053 162.3444
473.581329 90.041 165.0089
477.013092 90.034 167.7054
480.469727 90.031 170.4202
483.951416 90.030 173.1452
487.458313 90.028 175.8815
490.990631 90.026 178.6376
494.548553 90.022 -178.5767
498.132263 90.017 -175.7555
501.741943 90.012 -172.8980
505.377777 90.008 -170.0041
509.039948 90.006 -167.0779
512.728638 90.006 -164.1260
516.444092 90.008 -161.1533
520.186462 90.011 -158.1637
523.955933 90.016 -155.1596
527.752747 90.022 -152.1427
531.577087 90.027 -149.1152
535.429138 90.032 -146.0784
539.309082 90.035 -143.0307
543.217163 90.034 -139.9660
547.153564 90.028 -136.8746
551.118469 90.017 -133.7472
555.112122 90.002 -130.5715
559.134705 89.984 -127.3361
563.186401 89.963 -124.0349
567.267456 89.941 -120.6659
571.378113 89.920 -117.2298
575.518555 89.900 -113.7286
579.689026 89.883 -110.1647
583.889709 89.869 -106.5396
588.120789 89.859 -102.8543
592.382568 89.854 -99.1089
596.675232 89.855 -95.3046
600.998962 89.862 -91.4504
605.354065 89.878 -87.5519
609.740723 89.903 -83.6146
614.159180 89.937 -79.6507
618.609619 89.979 -75.6738
623.092346 90.030 -71.6969
627.607544 90.087 -67.7292
632.155457 90.148 -63.7735
636.736328 90.213 -59.8283
641.350403 90.280 -55.8914
645.997864 90.350 -51.9642
650.679016 90.423 -48.0524
655.394104 90.496 -44.1711
660.143372 90.570 -40.3255
664.927063 90.640 -36.5133
669.745422 90.705 -32.7313
674.598694 90.763 -28.9717
679.487122 90.813 -25.2237
684.410950 90.852 -21.4753
689.370483 90.881 -17.7152
694.365967 90.899 -13.9331
699.397644 90.906 -10.1191
704.465759 90.901 -6.2620
709.570618 90.885 -2.3486
714.712463 90.857 1.6375
719.891541 90.819 5.7121
725.108154 90.772 9.8879
730.362610 90.719 14.1746
735.655090 90.663 18.5775
740.985962 90.605 23.0989
746.355469 90.548 27.7404
751.763855 90.493 32.5029
757.211426 90.443 37.3869
762.698486 90.401 42.3900
768.225342 90.368 47.5063
773.792236 90.349 52.7251
779.399475 90.344 58.0376
785.047302 90.357 63.4200
790.736084 90.387 68.8430
796.466064 90.436 74.2837
802.237610 90.501 79.7204
808.050964 90.582 85.1329
813.906433 90.677 90.5021
819.804321 90.782 95.8130
825.744934 90.894 101.0549
831.728638 91.009 106.2224
837.755676 91.125 111.3148
843.826416 91.237 116.3352
849.941101 91.343 121.2990
856.100098 91.439 126.2144
862.303772 91.523 131.0883
868.552368 91.593 135.9364
874.846252 91.648 140.7753
881.185730 91.686 145.6236
887.571167 91.706 150.5003
894.002869 91.709 155.4260
900.481201 91.695 160.4218
907.006470 91.665 165.5087
913.579041 91.620 170.7058
920.199219 91.564 176.0301
926.867371 91.499 -178.5012
933.583862 91.428 -172.8759
940.348999 91.357 -167.0864
947.163147 91.288 -161.1289
954.026672 91.228 -155.0082
960.939941 91.182 -148.7381
967.903320 91.154 -142.3420
974.917175 91.147 -135.8513
981.981812 91.163 -129.3023
989.097656 91.200 -122.7319
996.265076 91.257 -116.1757
1003.484436 91.330 -109.6633
1010.756104 91.414 -103.2327
1018.080444 91.502 -96.8908
1025.457886 91.589 -90.6270
1032.888794 91.669 -84.4336
1040.373535 91.739 -78.2963
1047.912476 91.794 -72.1949
1055.506104 91.831 -66.1043
1063.154785 91.848 -59.9969
1070.858887 91.846 -53.8428
1078.618774 91.825 -47.6123
1086.434937 91.786 -41.2775
1094.307739 91.733 -34.8138
1102.237549 91.669 -28.2164
1110.224854 91.598 -21.4672
1118.270020 91.525 -14.5487
1126.373413 91.457 -7.4622
1134.535522 91.396 -0.2177
1142.756836 91.348 7.1667
1151.037720 91.316 14.6675
1159.378662 91.302 22.2581
1167.780029 91.306 29.9116
1176.242188 91.327 37.6016
1184.765747 91.365 45.3037
1193.351074 91.416 52.9978
1201.998535 91.477 60.6637
1210.708740 91.545 68.2925
1219.482056 91.615 75.8823
1228.318970 91.684 83.4333
1237.219849 91.747 90.9514
1246.185303 91.801 98.4482
1255.215698 91.844 105.9398
1264.311523 91.874 113.4467
1273.473267 91.889 120.9904
1282.701416 91.891 128.5922
1291.996460 91.881 136.2708
1301.358765 91.860 144.0419
1310.788940 91.831 151.9210
1320.287476 91.796 159.9138
1329.854858 91.760 168.0202
1339.491577 91.725 176.2382
1349.198120 91.693 -175.4392
1358.974976 91.667 -167.0223
1368.822632 91.648 -158.5256
1378.741699 91.639 -149.9658
1388.732666 91.638 -141.3614
1398.796021 91.644 -132.7307
1408.932251 91.655 -124.0895
1419.141968 91.669 -115.4489
1429.425659 91.680 -106.7999
1439.783813 91.685 -98.1444
1450.217041 91.680 -89.4853
1460.725952 91.662 -80.8075
1471.311035 91.627 -72.0910
1481.972778 91.573 -63.3116
1492.711792 91.500 -54.4421
1503.528564 91.408 -45.4547
1514.423706 91.297 -36.3220
1525.397827 91.170 -27.0182
1536.451538 91.030 -17.5211
1547.585327 90.882 -7.8126
1558.799805 90.729 2.1281
1570.095459 90.579 12.3054
1581.473022 90.435 22.7136
1592.932983 90.306 33.3432
1604.476074 90.196 44.1754
1616.102783 90.110 55.1801
1627.813721 90.054 66.3185
1639.609497 90.027 77.5455
1651.490723 90.030 88.8158
1663.458130 90.058 100.0898
1675.512207 90.106 111.3372
1687.653687 90.168 122.5409
1699.883179 90.237 133.6976
1712.201294 90.307 144.8164
1724.608643 90.373 155.9167
1737.105835 90.432 167.0254
1749.693604 90.483 178.1729
1762.372559 90.526 -170.6102
1775.143433 90.563 -159.2979
1788.006836 90.600 -147.8738
1800.963501 90.642 -136.3354
1814.014038 90.693 -124.6963
1827.159180 90.756 -112.9836
1840.399536 90.831 -101.2319
1853.735840 90.915 -89.4844
1867.168823 91.003 -77.7633
1880.699097 91.086 -66.0717
1894.327393 91.158 -54.3999
1908.054443 91.213 -42.7217
1921.880981 91.245 -30.9973
1935.807739 91.256 -19.1813
1949.835449 91.247 -7.2297
1963.964722 91.224 4.8928
1978.196411 91.194 17.2053
1992.531250 91.165 29.7080
2006.969971 91.144 42.3811
2021.513306 91.135 55.1760
2036.161987 91.140 68.0541
2050.916748 91.154 80.9850
2065.778564 91.173 93.9431
2080.748047 91.188 106.9220
2095.825928 91.191 119.9360
2111.013184 91.179 133.0172
2126.310547 91.148 146.2069
2141.718750 91.098 159.5465
2157.238525 91.036 173.0697
2172.870850 90.966 -173.2076
2188.616455 90.896 -159.2891
2204.476074 90.832 -145.2036
2220.450684 90.776 -130.9833
2236.541016 90.727 -116.6571
2252.747803 90.680 -102.2449
2269.072021 90.630 -87.7482
2285.514648 90.573 -73.1490
2302.076416 90.505 -58.4183
2318.758301 90.427 -43.5219
2335.561035 90.341 -28.4304
2352.485352 90.252 -13.1293
2369.532471 90.167 2.3801
2386.703125 90.089 18.0806
2403.998047 90.022 33.9515
2421.418457 89.964 49.9631
2438.965088 89.912 66.0914
2456.638916 89.861 82.3331
2474.440674 89.805 98.7057
2492.371582 89.741 115.2441
2510.432373 89.669 131.9897
2528.624023 89.593 148.9783
2546.947510 89.518 166.2262
2565.403809 89.452 -176.2750
2583.993896 89.402 -158.5618
2602.718506 89.369 -140.6813
2621.578857 89.352 -122.6653
2640.575928 89.348 -104.5410
2659.710693 89.351 -86.3167
2678.984131 89.358 -67.9719
2698.397217 89.372 -49.4812
2717.950928 89.394 -30.8306
2737.646240 89.428 -12.0264
2757.484375 89.478 6.9055
2777.466309 89.542 25.9265
2797.593018 89.618 45.0024
2817.865479 89.698 64.1167
2838.284912 89.777 83.2756
2858.852295 89.852 102.5127
2879.568604 89.921 121.8545
2900.435059 89.987 141.3174
2921.452881 90.052 160.9092
2942.623047 90.119 -179.3789
2963.946533 90.187 -159.5659
2985.424561 90.254 -139.6670
3007.058105 90.315 -119.6882
3028.848389 90.364 -99.6174
3050.796631 90.398 -79.4265
3072.904053 90.417 -59.0820
3095.171631 90.421 -38.5537
3117.600586 90.415 -17.8242
3140.191895 90.402 3.1096
3162.947021 90.384 24.2422
3185.866943 90.362 45.5637
3208.953125 90.334 67.0710
3232.206543 90.298 88.7761
3255.628418 90.253 110.6995
3279.219971 90.203 132.8625
3302.982666 90.150 155.2761
3326.917480 90.098 177.9341
3351.025635 90.052 -159.1799
3375.308594 90.010 -136.0859
3399.767578 89.972 -112.8032
3424.403809 89.935 -89.3284
3449.218506 89.898 -65.6440
3474.212891 89.863 -41.7395
3499.388428 89.831 -17.6128
3524.746338 89.805 6.7229
3550.288086 89.785 31.2495
3576.014893 89.769 55.9478
3601.928223 89.755 80.8127
3628.029297 89.742 105.8530
3654.319580 89.728 131.0798
3680.800293 89.716 156.5002
3707.472900 89.705 -177.8855
3734.338867 89.697 -152.0884
3761.399414 89.690 -126.1201
3788.656006 89.681 -99.9795
3816.110107 89.670 -73.6548
3843.763184 89.656 -47.1299
3871.616699 89.641 -20.3938
3899.672119 89.627 6.5544
3927.930664 89.614 33.7065
3956.394043 89.601 61.0532
3985.063721 89.589 88.5911
4013.941162 89.573 116.3264
4043.027832 89.555 144.2761
4072.325195 89.534 172.4451
4101.834961 89.512 -159.1729
4131.558594 89.487 -130.5820
4161.497559 89.459 -101.7817
4191.653320 89.426 -72.7642
4222.027832 89.388 -43.5129
4252.622559 89.346 -14.0151
4283.438965 89.302 15.7334
4314.478516 89.258 45.7288
4345.743164 89.213 75.9675
4377.234375 89.168 106.4492
4408.953613 89.123 137.1755
4440.902832 89.079 168.1484
4473.083496 89.038 -160.6372
4505.497070 89.000 -129.1921
4538.145996 88.964 -97.5266
4571.031250 88.930 -65.6443
4604.154785 88.896 -33.5447
4637.518555 88.862 -1.2261
4671.124023 88.828 31.3118
4704.973145 88.791 64.0647
4739.067383 88.752 97.0332
4773.408691 88.707 130.2236
4807.998535 88.654 163.6545
4842.839355 88.593 -162.6616
4877.932617 88.522 -128.7156
4913.280273 88.441 -94.4910
4948.883789 88.350 -59.9692
4984.745605 88.249 -25.1270
5020.867188 88.141 10.0557
5057.250488 88.029 45.5903
5093.897461 87.917 81.4775
5130.810059 87.807 117.7158
5167.990234 87.702 154.2969
5205.439453 87.605 -168.7886
5243.160156 87.518 -131.5352
5281.154297 87.440 -93.9629
5319.423828 87.372 -56.1021
5357.970703 87.314 -17.9619
5396.796875 87.265 20.4512
5435.904297 87.224 59.1260
5475.294922 87.189 98.0566
5514.971191 87.160 137.2407
5554.935059 87.133 176.6807
5595.188477 87.108 -143.6167
5635.733398 87.086 -103.6450
5676.572266 87.064 -63.3989
5717.707031 87.044 -22.8579
5759.140137 87.024 17.9805
5800.873047 87.004 59.1050
5842.908691 86.985 100.5200
5885.249023 86.965 142.2285
5927.895996 86.945 -175.7671
5970.852051 86.924 -133.4614
6014.119141 86.904 -90.8564
6057.699707 86.885 -47.9580
6101.596191 86.864 -4.7695
6145.811035 86.843 38.7065
6190.346191 86.818 82.4692
6235.204102 86.787 126.5342
6280.386719 86.748 170.9087
6325.896973 86.700 -144.3950
6371.736816 86.640 -99.3516
6417.909180 86.569 -53.9399
6464.416016 86.487 -8.1357
6511.259766 86.395 38.0840
6558.442871 86.295 84.7456
6605.968262 86.189 131.8701
6653.837891 86.081 179.4771
6702.054199 85.973 -132.4136
6750.620117 85.872 -83.7891
6799.538086 85.782 -34.6411
6848.810547 85.709 15.0200
6898.439941 85.660 65.1748
6948.428711 85.638 115.7891
6998.779785 85.649 166.8203
7049.495605 85.693 -141.7881
7100.579102 85.769 -90.0947
7152.032715 85.876 -38.1548
7203.859375 86.008 13.9824
7256.061523 86.158 66.2852
7308.642090 86.319 118.7344
7361.603516 86.485 171.3213
7414.948730 86.647 -135.9326
7468.680664 86.799 -83.0151
7522.801758 86.935 -29.9106
7577.314941 87.049 23.4131
7632.223145 87.138 76.9946
7687.529297 87.197 130.8799
7743.236328 87.225 -174.8838
7799.347168 87.223 -120.2500
7855.864258 87.190 -65.1709
7912.791016 87.130 -9.6030
7970.130371 87.046 46.4937
8027.885254 86.942 103.1523
8086.058594 86.826 160.4287
8144.653320 86.703 -141.6743
8203.672852 86.580 -83.1831
8263.120117 86.464 -24.1152
8322.998047 86.360 35.5015
8383.309570 86.273 95.6279
8444.058594 86.205 156.2246
8505.248047 86.155 -142.7515
8566.880859 86.121 -81.3350
8628.959961 86.101 -19.5532
8691.489258 86.090 42.5830
8754.471680 86.084 105.0718
8817.910156 86.081 167.9565
8881.808594 86.076 -128.7637
8946.169922 86.068 -65.1089
9010.997070 86.053 -1.0654
9076.294922 86.031 63.3804
9142.065430 85.999 128.2500
9208.312500 85.958 -166.4473
9275.040039 85.907 -100.6934
9342.250977 85.845 -34.4775
9409.949219 85.773 32.2168
9478.137695 85.691 99.3975
9546.820312 85.599 167.0791
9616.000977 85.497 -124.6953
9685.682617 85.385 -55.9248
9755.869141 85.265 13.3848
9826.564453 85.135 83.2480
9897.771484 84.998 153.6777
9969.495117 84.854 -135.3105
10041.738281 84.704 -63.7051
10114.504883 84.550 8.5176
10187.798828 84.394 81.3643
10261.624023 84.240 154.8496
10335.984375 84.090 -131.0225
10410.882812 83.948 -56.2480
10486.324219 83.817 19.1621
10562.312500 83.701 95.1982
10638.851562 83.603 171.8398
10715.945312 83.524 -110.9375
10793.597656 83.465 -33.1660
10871.812500 83.425 45.1240
10950.593750 83.402 123.9082
11029.946289 83.393 -156.8369
11109.874023 83.393 -77.1230
11190.380859 83.397 3.0547
11271.470703 83.400 83.7031
11353.148438 83.398 164.8457
11435.417969 83.387 -113.4824
11518.284180 83.366 -31.2363
11601.750000 83.333 51.6162
11685.821289 83.290 135.1201
11770.501953 83.240 -140.6904
11855.795898 83.188 -55.7900
11941.708008 83.137 29.8379
12028.242188 83.093 116.1885
12115.403320 83.060 -156.7451
12203.196289 83.042 -68.9912
12291.625977 83.040 19.4199
12380.696289 83.054 108.4531
12470.412109 83.083 -161.9453
12560.778320 83.123 -71.7920
12651.798828 83.169 18.9023
12743.478516 83.217 110.1367
12835.823242 83.261 -158.0771
12928.836914 83.298 -65.7188
13022.524414 83.325 27.2363
13116.890625 83.341 120.8203
13211.941406 83.345 -144.9443
13307.680664 83.338 -50.0303
13404.113281 83.320 45.5811
13501.245117 83.293 141.9014
13599.081055 83.258 -121.0586
13697.625977 83.216 -23.2969
13796.884766 83.168 75.1943
13896.862305 83.114 174.4170
13997.564453 83.055 -85.6221
14098.996094 82.992 15.0762
14201.163086 82.926 116.5127
14304.070312 82.855 -141.3125
14407.723633 82.782 -38.4062
14512.127930 82.706 65.2324
14617.289062 82.626 169.6006
14723.211914 82.542 -85.3018
14829.902344 82.452 20.5488
14937.366211 82.356 127.1582
15045.608398 82.254 -125.4697
15154.634766 82.147 -17.3232
15264.451172 82.036 91.6064
15375.063477 81.921 -158.6797
15486.477539 81.805 -48.1836
15598.699219 81.686 63.1016
15711.733398 81.564 175.1699
15825.586914 81.438 -71.9619
15940.265625 81.309 41.7148
16055.775391 81.174 156.2236
16172.122070 81.036 -88.3975
16289.311523 80.895 27.8643
16407.351562 80.753 145.0039
16526.246094 80.611 -96.9756
16646.001953 80.471 21.9258
16766.625000 80.333 141.7139
16888.123047 80.196 -97.6084
17010.501953 80.059 23.9688
17133.767578 79.921 146.4600
17257.925781 79.783 -90.1123
17382.984375 79.643 34.2793
17508.949219 79.503 159.6562
17635.826172 79.366 -73.9473
17763.623047 79.234 53.4805
17892.345703 79.110 -178.0938
18022.001953 78.995 -48.6738
18152.597656 78.891 81.7207
18284.138672 78.798 -146.9355
18416.632812 78.714 -14.6621
18550.087891 78.637 118.5254
18684.509766 78.565 -107.3809
18819.906250 78.494 27.6094
18956.283203 78.420 163.5039
19093.648438 78.340 -59.6797
19232.009766 78.251 77.8574
19371.373047 78.153 -143.7988
19511.746094 78.045 -4.4453
19653.136719 77.929 135.9277
19795.550781 77.808 -82.6699
19938.998047 77.684 59.7559
20083.484375 77.559 -156.8242
20229.017578 77.433 -12.4277
20375.605469 77.305 132.9219
20523.255859 77.173 -80.7910
20671.976562 77.036 66.4336
20821.773438 76.894 -145.3945
20972.656250 76.747 3.7266
21124.632812 76.599 153.8145
21277.710938 76.452 -55.1230
21431.898438 76.314 96.9160
21587.203125 76.190 -110.0625
21743.632812 76.090 43.9277
21901.195312 76.018 -161.1074
22059.900391 0.000 -5.2725
