* Measurement data measured by REW V5.30
* Source: EXCL: Microphone (2- UMM-6), MICROPHONE (Master Volume), R, volume: 0.320. Timing signal peak level -58.5 dBFS, measurement signal peak level -42.9 dBFS
* Format: 128k Log Swept Sine, 1 sweep at -12.0 dBFS using an acoustic timing reference
* Dated: Aug 17, 2026 6:50:46 PM
* REW Settings:
*  C-weighting compensation: Off
*  Target level: 75.0 dB
* Note: ; Delay -2.7739 ms (-951 mm, -(3 ft 1.46 in)) using estimated IR delay relative to Acoustic reference played from SPEAKER R with no timing offset Clock adjustment: -18.4 ppm
* Measurement: MID (1.9k) + TW (1.9k) LR
* Smoothing: 1/6 octave
* Frequency Step: 96 ppo
* Start Frequency: 30.029297 Hz
*
* Freq(Hz) SPL(dB) Phase(degrees)
30.029297 60.407 -39.3586
30.246902 60.226 -40.3874
30.466084 59.972 -41.7919
30.686853 59.644 -43.3880
30.909224 59.240 -44.9562
31.133205 58.762 -46.2482
31.358809 58.215 -46.9846
31.586048 57.606 -46.8370
31.814934 56.951 -45.3902
32.045479 56.268 -42.0785
32.277695 55.582 -36.1045
32.511593 54.927 -26.4494
32.747185 54.337 -12.3690
32.984486 53.847 5.1428
33.223503 53.481 22.6446
33.464252 53.247 37.0575
33.706749 53.138 47.8804
33.951000 53.130 56.0321
34.197021 53.197 62.5448
34.444828 53.314 68.1880
34.694431 53.466 73.4777
34.945843 53.645 78.7180
35.199074 53.849 84.0220
35.454140 54.077 89.3358
35.711056 54.324 94.4918
35.969833 54.580 99.3002
36.230484 54.831 103.6570
36.493027 55.065 107.6327
36.757469 55.269 111.5461
37.023830 55.440 116.0973
37.292122 55.579 122.7447
37.562355 55.695 134.7872
37.834549 55.800 159.1065
38.108715 55.903 -164.2401
38.384865 56.009 -137.8872
38.663017 56.117 -125.3471
38.943184 56.220 -119.4533
39.225384 56.308 -116.5500
39.509628 56.372 -115.0962
39.795933 56.405 -114.3910
40.084309 56.406 -114.0940
40.374775 56.371 -114.0350
40.667347 56.301 -114.1245
40.962040 56.197 -114.2994
41.258869 56.066 -114.4888
41.557846 55.916 -114.5714
41.858990 55.765 -114.2925
42.162315 55.636 -112.9749
42.467842 55.553 -107.5974
42.775581 55.537 -39.2415
43.085552 55.599 44.6905
43.397766 55.737 50.9319
43.712246 55.933 52.7005
44.029003 56.159 53.3824
44.348057 56.385 53.6728
44.669422 56.581 53.8688
44.993114 56.723 54.2226
45.319153 56.796 55.0795
45.647552 56.797 57.0107
45.978333 56.729 61.0530
46.311512 56.606 69.2751
46.647106 56.449 85.8088
46.985130 56.278 114.7172
47.325603 56.118 145.7511
47.668545 55.995 165.6443
48.013969 55.935 176.9315
48.361900 55.964 -176.1780
48.712349 56.103 -171.7706
49.065338 56.365 -169.1671
49.420887 56.749 -168.1968
49.779011 57.244 -168.8657
50.139729 57.829 -171.2064
50.503063 58.487 -175.2028
50.869030 59.198 179.2682
51.237648 59.946 172.4918
51.608936 60.717 164.9307
51.982918 61.495 157.1539
52.359608 62.270 149.6904
52.739025 63.026 142.8975
53.121193 63.752 136.9364
53.506130 64.433 131.7679
53.893856 65.055 127.2377
54.284393 65.601 123.1689
54.677761 66.054 119.4021
55.073978 66.398 115.8322
55.473068 66.618 112.4282
55.875050 66.704 109.2358
56.279942 66.650 106.3694
56.687771 66.456 103.9998
57.098553 66.129 102.3411
57.512314 65.678 101.6393
57.929073 65.117 102.1659
58.348850 64.462 104.1423
58.771671 63.731 107.6472
59.197556 62.940 112.4600
59.626526 62.108 117.9072
60.058605 61.250 122.9777
60.493816 60.384 126.7421
60.932178 59.525 128.7352
61.373718 58.689 129.0077
61.818459 57.894 127.9588
62.266422 57.156 126.1510
62.717632 56.495 124.1703
63.172112 55.926 122.5401
63.629883 55.461 121.6302
64.090973 55.109 121.6415
64.555405 54.870 122.6219
65.023201 54.739 124.4739
65.494385 54.702 126.9798
65.968987 54.738 129.8424
66.447021 54.819 132.7349
66.928520 54.917 135.3510
67.413513 55.001 137.4459
67.902016 55.043 138.8638
68.394058 55.021 139.5449
68.889671 54.920 139.5178
69.388878 54.737 138.8588
69.891701 54.481 137.6672
70.398163 54.170 136.0579
70.908295 53.831 134.1605
71.422127 53.497 132.1310
71.939682 53.201 130.1466
72.460983 52.976 128.3751
72.986069 52.845 126.9288
73.514954 52.820 125.8319
74.047676 52.893 125.0194
74.584259 53.042 124.3669
75.124725 53.238 123.7192
75.669113 53.447 122.9368
76.217445 53.639 121.9053
76.769745 53.790 120.5350
77.326050 53.880 118.7729
77.886383 53.900 116.6062
78.450783 53.847 114.0641
79.019272 53.728 111.2158
79.591881 53.563 108.1674
80.168640 53.378 105.0567
80.749573 53.207 102.0458
81.334717 53.082 99.3032
81.924103 53.030 96.9792
82.517761 53.066 95.1931
83.115723 53.188 94.0240
83.718010 53.384 93.5168
84.324669 53.639 93.6933
84.935722 53.937 94.5511
85.551201 54.270 96.0470
86.171143 54.633 98.0747
86.795578 55.024 100.4545
87.424538 55.439 102.9503
88.058052 55.871 105.3202
88.696159 56.312 107.3765
89.338890 56.753 109.0154
89.986275 57.186 110.2374
90.638351 57.608 111.1157
91.295151 58.021 111.7518
91.956711 58.427 112.2487
92.623070 58.833 112.6852
93.294258 59.240 113.1045
93.970306 59.651 113.5170
94.651253 60.064 113.9125
95.337135 60.475 114.2738
96.027985 60.882 114.5828
96.723846 61.284 114.8201
97.424744 61.684 114.9597
98.130722 62.084 114.9780
98.841820 62.487 114.8526
99.558067 62.897 114.5626
100.279503 63.317 114.0927
101.006172 63.748 113.4354
101.738106 64.187 112.5916
102.475342 64.630 111.5699
103.217918 65.072 110.3849
103.965881 65.506 109.0538
104.719261 65.925 107.5942
105.478104 66.323 106.0254
106.242439 66.693 104.3577
107.012314 67.033 102.6163
107.787766 67.340 100.8342
108.568840 67.612 99.0444
109.355576 67.850 97.2911
110.148010 68.055 95.6313
110.946190 68.233 94.1276
111.750153 68.391 92.8353
112.559937 68.539 91.7952
113.375595 68.682 91.0320
114.197159 68.829 90.5546
115.024681 68.984 90.3556
115.858200 69.150 90.4048
116.697754 69.331 90.6772
117.543396 69.531 91.1463
118.395164 69.751 91.7699
119.253105 69.996 92.4995
120.117264 70.268 93.2816
120.987686 70.570 94.0591
121.864410 70.902 94.7767
122.747490 71.262 95.3856
123.636971 71.649 95.8476
124.532898 72.056 96.1362
125.435318 72.477 96.2346
126.344276 72.906 96.1316
127.259819 73.335 95.8232
128.181992 73.755 95.3118
129.110855 74.158 94.6070
130.046448 74.537 93.7291
130.988815 74.886 92.7095
131.938019 75.203 91.5891
132.894089 75.487 90.4159
133.857101 75.740 89.2397
134.827087 75.966 88.1075
135.804108 76.171 87.0586
136.788193 76.362 86.1213
137.779419 76.547 85.3098
138.777832 76.732 84.6317
139.783478 76.925 84.0881
140.796402 77.132 83.6703
141.816666 77.359 83.3632
142.844330 77.610 83.1482
143.879440 77.887 83.0047
144.922043 78.192 82.9104
145.972214 78.523 82.8396
147.029984 78.877 82.7599
148.095428 79.250 82.6312
149.168594 79.634 82.4081
150.249527 80.022 82.0477
151.338303 80.402 81.5172
152.434967 80.768 80.8013
153.539566 81.109 79.9083
154.652176 81.421 78.8676
155.772842 81.701 77.7246
156.901642 81.950 76.5325
158.038620 82.173 75.3422
159.183838 82.375 74.1941
160.337357 82.565 73.1147
161.499222 82.748 72.1164
162.669510 82.932 71.2006
163.848282 83.121 70.3630
165.035599 83.319 69.5925
166.231522 83.527 68.8739
167.436096 83.747 68.1908
168.649414 83.977 67.5259
169.871521 84.217 66.8607
171.102478 84.465 66.1776
172.342361 84.716 65.4592
173.591232 84.968 64.6893
174.849152 85.217 63.8553
176.116180 85.460 62.9518
177.392395 85.695 61.9810
178.677856 85.919 60.9536
179.972626 86.132 59.8786
181.276779 86.335 58.7642
182.590393 86.526 57.6215
183.913513 86.706 56.4626
185.246231 86.875 55.2997
186.588608 87.034 54.1440
187.940704 87.183 53.0050
189.302597 87.325 51.8890
190.674362 87.459 50.7981
192.056061 87.587 49.7293
193.447784 87.708 48.6765
194.849594 87.821 47.6366
196.261551 87.922 46.6071
197.683746 88.010 45.5908
199.116241 88.083 44.6004
200.559113 88.140 43.6543
202.012451 88.184 42.7711
203.476318 88.218 41.9650
204.950790 88.247 41.2415
206.435944 88.274 40.5972
207.931870 88.302 40.0214
209.438629 88.334 39.4995
210.956314 88.369 39.0179
212.484985 88.405 38.5659
214.024734 88.442 38.1403
215.575653 88.478 37.7429
217.137802 88.513 37.3754
218.711273 88.547 37.0374
220.296143 88.580 36.7262
221.892502 88.611 36.4391
223.500427 88.641 36.1740
225.120010 88.668 35.9299
226.751328 88.691 35.7076
228.394455 88.711 35.5090
230.049500 88.726 35.3369
231.716537 88.735 35.1864
233.395645 88.740 35.0629
235.086929 88.740 34.9761
236.790466 88.734 34.9295
238.506348 88.724 34.9264
240.234665 88.710 34.9692
241.975510 88.692 35.0589
243.728958 88.670 35.1951
245.495117 88.644 35.3785
247.274078 88.614 35.6131
249.065933 88.580 35.9055
250.870773 88.543 36.2637
252.688690 88.503 36.6815
254.519775 88.462 37.1672
256.364136 88.424 37.7321
258.221863 88.388 38.3744
260.093048 88.357 39.0894
261.977783 88.333 39.8695
263.876190 88.316 40.7048
265.788361 88.307 41.5847
267.714386 88.305 42.4990
269.654358 88.310 43.4395
271.608398 88.322 44.3985
273.576599 88.339 45.3675
275.559052 88.360 46.3274
277.555878 88.383 47.2750
279.567169 88.405 48.2176
281.593018 88.425 49.1613
283.633545 88.439 50.1190
285.688873 88.446 51.1099
287.759094 88.446 52.1578
289.844330 88.441 53.2888
291.944672 88.434 54.5253
294.060211 88.431 55.8792
296.191101 88.438 57.3453
298.337433 88.460 58.9003
300.499298 88.501 60.5096
302.676849 88.562 62.1266
304.870178 88.641 63.7063
307.079407 88.733 65.2189
309.304626 88.832 66.6512
311.545990 88.935 68.0048
313.803589 89.037 69.2906
316.077545 89.138 70.5226
318.367981 89.234 71.7129
320.675018 89.327 72.8710
322.998749 89.415 74.0039
325.339325 89.499 75.1172
327.696869 89.576 76.2245
330.071503 89.648 77.3306
332.463348 89.713 78.4397
334.872528 89.772 79.5634
337.299164 89.826 80.7110
339.743378 89.878 81.8876
342.205292 89.928 83.0919
344.685059 89.980 84.3170
347.182800 90.033 85.5507
349.698639 90.087 86.7797
352.232697 90.140 87.9927
354.785126 90.190 89.1847
357.356049 90.233 90.3680
359.945587 90.268 91.5507
362.553894 90.292 92.7406
365.181122 90.305 93.9537
367.827362 90.308 95.2049
370.492798 90.301 96.5076
373.177551 90.286 97.8735
375.881744 90.265 99.3125
378.605530 90.240 100.8301
381.349060 90.214 102.4276
384.112488 90.188 104.1018
386.895935 90.165 105.8465
389.699554 90.146 107.6550
392.523468 90.133 109.5153
395.367859 90.127 111.4127
398.232849 90.126 113.3335
401.118622 90.129 115.2664
404.025299 90.136 117.2048
406.953033 90.143 119.1469
409.901978 90.150 121.0953
412.872284 90.154 123.0574
415.864136 90.155 125.0438
418.877655 90.154 127.0665
421.913025 90.151 129.1339
424.970367 90.150 131.2458
428.049866 90.152 133.3940
431.151703 90.158 135.5648
434.276001 90.167 137.7428
437.422943 90.178 139.9166
440.592682 90.188 142.0823
443.785400 90.194 144.2443
447.001251 90.195 146.4138
450.240417 90.190 148.6055
453.503052 90.179 150.8345
456.789307 90.162 153.1132
460.099396 90.142 155.4496
463.433472 90.121 157.8488
466.791687 90.100 160.3107
470.174255 90.081 162.8307
473.581329 90.065 165.4001
477.013092 90.052 168.0063
480.469727 90.042 170.6379
483.951416 90.031 173.2890
487.458313 90.019 175.9633
490.990631 90.004 178.6711
494.548553 89.987 -178.5760
498.132263 89.968 -175.7709
501.741943 89.949 -172.9119
505.377777 89.932 -169.9988
509.039948 89.918 -167.0370
512.728638 89.908 -164.0353
516.444092 89.902 -161.0019
520.186462 89.900 -157.9449
523.955933 89.902 -154.8705
527.752747 89.907 -151.7844
531.577087 89.915 -148.6917
535.429138 89.923 -145.5954
539.309082 89.930 -142.4951
543.217163 89.934 -139.3843
547.153564 89.935 -136.2526
551.118469 89.931 -133.0897
555.112122 89.923 -129.8828
559.134705 89.912 -126.6204
563.186401 89.900 -123.2971
567.267456 89.887 -119.9115
571.378113 89.875 -116.4653
575.518555 89.866 -112.9614
579.689026 89.858 -109.4030
583.889709 89.854 -105.7926
588.120789 89.853 -102.1318
592.382568 89.856 -98.4209
596.675232 89.863 -94.6597
600.998962 89.876 -90.8552
605.354065 89.895 -87.0100
609.740723 89.921 -83.1263
614.159180 89.955 -79.2134
618.609619 89.996 -75.2823
623.092346 90.044 -71.3448
627.607544 90.097 -67.4095
632.155457 90.155 -63.4799
636.736328 90.215 -59.5552
641.350403 90.278 -55.6348
645.997864 90.345 -51.7208
650.679016 90.413 -47.8197
655.394104 90.483 -43.9469
660.143372 90.552 -40.1075
664.927063 90.618 -36.2988
669.745422 90.679 -32.5170
674.598694 90.732 -28.7529
679.487122 90.777 -24.9948
684.410950 90.812 -21.2304
689.370483 90.837 -17.4480
694.365967 90.853 -13.6381
699.397644 90.858 -9.7915
704.465759 90.853 -5.8987
709.570618 90.837 -1.9480
714.712463 90.812 2.0751
719.891541 90.777 6.1842
725.108154 90.736 10.3901
730.362610 90.689 14.7007
735.655090 90.639 19.1198
740.985962 90.588 23.6487
746.355469 90.538 28.2882
751.763855 90.490 33.0391
757.211426 90.446 37.9021
762.698486 90.409 42.8757
768.225342 90.380 47.9557
773.792236 90.363 53.1335
779.399475 90.359 58.4031
785.047302 90.370 63.7434
790.736084 90.398 69.1281
796.466064 90.442 74.5369
802.237610 90.503 79.9506
808.050964 90.579 85.3500
813.906433 90.668 90.7173
819.804321 90.768 96.0367
825.744934 90.876 101.2963
831.728638 90.989 106.4884
837.755676 91.104 111.6100
843.826416 91.216 116.6613
849.941101 91.323 121.6552
856.100098 91.421 126.5974
862.303772 91.509 131.4932
868.552368 91.583 136.3566
874.846252 91.642 141.2041
881.185730 91.684 146.0536
887.571167 91.708 150.9248
894.002869 91.715 155.8385
900.481201 91.703 160.8171
907.006470 91.675 165.8826
913.579041 91.631 171.0560
920.199219 91.574 176.3564
926.867371 91.507 -178.1969
933.583862 91.434 -172.5894
940.348999 91.359 -166.8115
947.163147 91.286 -160.8582
954.026672 91.222 -154.7334
960.939941 91.171 -148.4517
967.903320 91.139 -142.0376
974.917175 91.130 -135.5247
981.981812 91.143 -128.9514
989.097656 91.180 -122.3579
996.265076 91.237 -115.7812
1003.484436 91.311 -109.2531
1010.756104 91.396 -102.8118
1018.080444 91.485 -96.4641
1025.457886 91.573 -90.1985
1032.888794 91.655 -84.0060
1040.373535 91.725 -77.8704
1047.912476 91.780 -71.7703
1055.506104 91.818 -65.6794
1063.154785 91.836 -59.5701
1070.858887 91.835 -53.4128
1078.618774 91.815 -47.1788
1086.434937 91.778 -40.8413
1094.307739 91.727 -34.3772
1102.237549 91.665 -27.7827
1110.224854 91.597 -21.0408
1118.270020 91.526 -14.1338
1126.373413 91.458 -7.0631
1134.535522 91.398 0.1624
1142.756836 91.349 7.5264
1151.037720 91.315 15.0078
1159.378662 91.297 22.5830
1167.780029 91.296 30.2280
1176.242188 91.313 37.9193
1184.765747 91.346 45.6342
1193.351074 91.393 53.3518
1201.998535 91.452 61.0505
1210.708740 91.519 68.7180
1219.482056 91.591 76.3475
1228.318970 91.663 83.9348
1237.219849 91.731 91.4812
1246.185303 91.792 98.9948
1255.215698 91.842 106.4896
1264.311523 91.878 113.9857
1273.473267 91.899 121.5066
1282.701416 91.904 129.0768
1291.996460 91.894 136.7197
1301.358765 91.872 144.4562
1310.788940 91.839 152.3070
1320.287476 91.800 160.2814
1329.854858 91.757 168.3815
1339.491577 91.716 176.6047
1349.198120 91.679 -175.0566
1358.974976 91.649 -166.6167
1368.822632 91.628 -158.0935
1378.741699 91.618 -149.5071
1388.732666 91.618 -140.8785
1398.796021 91.626 -132.2280
1408.932251 91.639 -123.5719
1419.141968 91.655 -114.9218
1429.425659 91.669 -106.2678
1439.783813 91.677 -97.6123
1450.217041 91.675 -88.9569
1460.725952 91.658 -80.2865
1471.311035 91.624 -71.5795
1481.972778 91.570 -62.8102
1492.711792 91.496 -53.9501
1503.528564 91.401 -44.9691
1514.423706 91.287 -35.8387
1525.397827 91.157 -26.5325
1536.451538 91.014 -17.0280
1547.585327 90.863 -7.3079
1558.799805 90.709 2.6466
1570.095459 90.557 12.8386
1581.473022 90.413 23.2599
1592.932983 90.284 33.8995
1604.476074 90.175 44.7377
1616.102783 90.090 55.7446
1627.813721 90.034 66.8821
1639.609497 90.008 78.1067
1651.490723 90.009 89.3740
1663.458130 90.036 100.6464
1675.512207 90.082 111.8947
1687.653687 90.142 123.1023
1699.883179 90.208 134.2670
1712.201294 90.276 145.3976
1724.608643 90.340 156.5138
1737.105835 90.398 167.6409
1749.693604 90.448 178.8079
1762.372559 90.491 -169.9569
1775.143433 90.530 -158.6298
1788.006836 90.568 -147.1958
1800.963501 90.611 -135.6530
1814.014038 90.662 -124.0135
1827.159180 90.725 -112.3025
1840.399536 90.799 -100.5518
1853.735840 90.881 -88.8016
1867.168823 90.967 -77.0729
1880.699097 91.048 -65.3679
1894.327393 91.119 -53.6783
1908.054443 91.173 -41.9799
1921.880981 91.207 -30.2354
1935.807739 91.219 -18.4012
1949.835449 91.212 -6.4357
1963.964722 91.191 5.6963
1978.196411 91.163 18.0140
1992.531250 91.135 30.5183
2006.969971 91.115 43.1907
2021.513306 91.107 55.9845
2036.161987 91.111 68.8623
2050.916748 91.125 81.7954
2065.778564 91.142 94.7588
2080.748047 91.155 107.7466
2095.825928 91.158 120.7725
2111.013184 91.144 133.8679
2126.310547 91.112 147.0730
2141.718750 91.063 160.4272
2157.238525 91.001 173.9624
2172.870850 90.932 -172.3081
2188.616455 90.864 -158.3882
2204.476074 90.800 -144.3062
2220.450684 90.744 -130.0913
2236.541016 90.693 -115.7698
2252.747803 90.646 -101.3572
2269.072021 90.595 -86.8540
2285.514648 90.537 -72.2434
2302.076416 90.470 -57.4978
2318.758301 90.393 -42.5859
2335.561035 90.309 -27.4810
2352.485352 90.223 -12.1694
2369.532471 90.140 3.3469
2386.703125 90.065 19.0508
2403.998047 89.999 34.9233
2421.418457 89.941 50.9370
2438.965088 89.889 67.0684
2456.638916 89.837 83.3162
2474.440674 89.781 99.6980
2492.371582 89.716 116.2485
2510.432373 89.644 133.0078
2528.624023 89.569 150.0100
2546.947510 89.495 167.2695
2565.403809 89.432 -175.2241
2583.993896 89.384 -157.5063
2602.718506 89.354 -139.6250
2621.578857 89.339 -121.6086
2640.575928 89.337 -103.4836
2659.710693 89.342 -85.2556
2678.984131 89.351 -66.9038
2698.397217 89.366 -48.4021
2717.950928 89.390 -29.7380
2737.646240 89.426 -10.9204
2757.484375 89.478 8.0229
2777.466309 89.544 27.0518
2797.593018 89.621 46.1318
2817.865479 89.702 65.2480
2838.284912 89.781 84.4087
2858.852295 89.854 103.6501
2879.568604 89.922 122.9998
2900.435059 89.987 142.4736
2921.452881 90.052 162.0767
2942.623047 90.119 -178.2017
2963.946533 90.187 -158.3823
2985.424561 90.254 -138.4810
3007.058105 90.314 -118.5012
3028.848389 90.362 -98.4285
3050.796631 90.395 -78.2344
3072.904053 90.413 -57.8831
3095.171631 90.417 -37.3464
3117.600586 90.411 -16.6082
3140.191895 90.399 4.3337
3162.947021 90.382 25.4727
3185.866943 90.361 46.7986
3208.953125 90.334 68.3101
3232.206543 90.298 90.0193
3255.628418 90.255 111.9485
3279.219971 90.205 134.1189
3302.982666 90.153 156.5413
3326.917480 90.103 179.2083
3351.025635 90.057 -157.8977
3375.308594 90.017 -134.7976
3399.767578 89.979 -111.5105
3424.403809 89.943 -88.0315
3449.218506 89.906 -64.3425
3474.212891 89.870 -40.4316
3499.388428 89.837 -16.2981
3524.746338 89.810 8.0447
3550.288086 89.788 32.5764
3576.014893 89.772 57.2798
3601.928223 89.757 82.1497
3628.029297 89.743 107.1951
3654.319580 89.729 132.4287
3680.800293 89.716 157.8562
3707.472900 89.706 -176.5212
3734.338867 89.698 -150.7151
3761.399414 89.691 -124.7378
3788.656006 89.684 -98.5879
3816.110107 89.673 -72.2529
3843.763184 89.659 -45.7175
3871.616699 89.644 -18.9697
3899.672119 89.630 7.9902
3927.930664 89.617 35.1548
3956.394043 89.605 62.5139
3985.063721 89.591 90.0635
4013.941162 89.576 117.8101
4043.027832 89.557 145.7710
4072.325195 89.537 173.9512
4101.834961 89.514 -157.6553
4131.558594 89.489 -129.0532
4161.497559 89.461 -100.2419
4191.653320 89.429 -71.2144
4222.027832 89.391 -41.9541
4252.622559 89.350 -12.4473
4283.438965 89.306 17.3105
4314.478516 89.261 47.3154
4345.743164 89.216 77.5635
4377.234375 89.170 108.0532
4408.953613 89.125 138.7876
4440.902832 89.081 169.7686
4473.083496 89.039 -159.0093
4505.497070 89.001 -127.5562
4538.145996 88.965 -95.8818
4571.031250 88.931 -63.9912
4604.154785 88.897 -31.8818
4637.518555 88.863 0.4463
4671.124023 88.828 32.9922
4704.973145 88.792 65.7539
4739.067383 88.752 98.7319
4773.408691 88.706 131.9302
4807.998535 88.653 165.3682
4842.839355 88.592 -160.9414
4877.932617 88.521 -126.9878
4913.280273 88.440 -92.7578
4948.883789 88.349 -58.2290
4984.745605 88.248 -23.3799
5020.867188 88.140 11.8096
5057.250488 88.028 47.3511
5093.897461 87.915 83.2461
5130.810059 87.805 119.4922
5167.990234 87.700 156.0820
5205.439453 87.603 -166.9951
5243.160156 87.514 -129.7314
5281.154297 87.436 -92.1489
5319.423828 87.368 -54.2773
5357.970703 87.309 -16.1260
5396.796875 87.260 22.2988
5435.904297 87.218 60.9863
5475.294922 87.183 99.9302
5514.971191 87.153 139.1284
5554.935059 87.126 178.5820
5595.188477 87.101 -141.7007
5635.733398 87.079 -101.7148
5676.572266 87.058 -61.4551
5717.707031 87.038 -20.8994
5759.140137 87.018 19.9536
5800.873047 86.999 61.0918
5842.908691 86.980 102.5210
5885.249023 86.961 144.2427
5927.895996 86.941 -173.7393
5970.852051 86.921 -131.4204
6014.119141 86.901 -88.8027
6057.699707 86.881 -45.8906
6101.596191 86.861 -2.6890
6145.811035 86.839 40.7998
6190.346191 86.814 84.5747
6235.204102 86.782 128.6519
6280.386719 86.743 173.0386
6325.896973 86.694 -142.2520
6371.736816 86.634 -97.1968
6417.909180 86.563 -51.7715
6464.416016 86.480 -5.9531
6511.259766 86.388 40.2812
6558.442871 86.287 86.9580
6605.968262 86.181 134.0986
6653.837891 86.071 -178.2759
6702.054199 85.963 -130.1484
6750.620117 85.861 -81.5054
6799.538086 85.771 -32.3384
6848.810547 85.698 17.3423
6898.439941 85.648 67.5156
6948.428711 85.627 118.1484
6998.779785 85.637 169.1973
7049.495605 85.682 -139.3931
7100.579102 85.759 -87.6836
7152.032715 85.866 -35.7275
7203.859375 85.997 16.4268
7256.061523 86.147 68.7466
7308.642090 86.309 121.2124
7361.603516 86.474 173.8164
7414.948730 86.635 -133.4199
7468.680664 86.787 -80.4849
7522.801758 86.922 -27.3628
7577.314941 87.035 25.9785
7632.223145 87.123 79.5796
7687.529297 87.181 133.4824
7743.236328 87.209 -172.2632
7799.347168 87.206 -117.6113
7855.864258 87.172 -62.5127
7912.791016 87.112 -6.9258
7970.130371 87.027 49.1904
8027.885254 86.923 105.8677
8086.058594 86.806 163.1621
8144.653320 86.682 -138.9224
8203.672852 86.559 -80.4121
8263.120117 86.443 -21.3257
8322.998047 86.339 38.3081
8383.309570 86.252 98.4541
8444.058594 86.184 159.0703
8505.248047 86.134 -139.8867
8566.880859 86.100 -78.4492
8628.959961 86.080 -16.6465
8691.489258 86.069 45.5117
8754.471680 86.064 108.0215
8817.910156 86.060 170.9287
8881.808594 86.056 -125.7705
8946.169922 86.048 -62.0938
9010.997070 86.033 1.9707
9076.294922 86.011 66.4395
9142.065430 85.979 131.3281
9208.312500 85.938 -163.3457
9275.040039 85.886 -97.5713
9342.250977 85.825 -31.3350
9409.949219 85.753 35.3789
9478.137695 85.670 102.5830
9546.820312 85.578 170.2852
9616.000977 85.476 -121.4688
9685.682617 85.364 -52.6738
9755.869141 85.243 16.6592
9826.564453 85.113 86.5449
9897.771484 84.976 157.0000
9969.495117 84.832 -131.9639
10041.738281 84.682 -60.3330
10114.504883 84.528 11.9131
10187.798828 84.373 84.7832
10261.624023 84.218 158.2920
10335.984375 84.068 -127.5576
10410.882812 83.926 -52.7666
10486.324219 83.796 22.6650
10562.312500 83.680 98.7178
10638.851562 83.581 175.3750
10715.945312 83.502 -107.3867
10793.597656 83.443 -29.5986
10871.812500 83.403 48.7080
10950.593750 83.380 127.5098
11029.946289 83.370 -153.2158
11109.874023 83.369 -73.4805
11190.380859 83.373 6.7188
11271.470703 83.376 87.3896
11353.148438 83.374 168.5566
11435.417969 83.363 -109.7441
11518.284180 83.341 -27.4727
11601.750000 83.308 55.4082
11685.821289 83.265 138.9404
11770.501953 83.216 -136.8408
11855.795898 83.164 -51.9102
11941.708008 83.113 33.7471
12028.242188 83.070 120.1279
12115.403320 83.037 -152.7744
12203.196289 83.019 -64.9893
12291.625977 83.017 23.4521
12380.696289 83.031 112.5156
12470.412109 83.060 -157.8506
12560.778320 83.099 -67.6650
12651.798828 83.145 23.0615
12743.478516 83.192 114.3291
12835.823242 83.236 -153.8516
12928.836914 83.273 -61.4619
13022.524414 83.301 31.5264
13116.890625 83.317 125.1406
13211.941406 83.321 -140.5928
13307.680664 83.313 -45.6494
13404.113281 83.296 49.9912
13501.245117 83.269 146.3389
13599.081055 83.233 -116.5947
13697.625977 83.191 -18.8066
13796.884766 83.143 79.7109
13896.862305 83.088 178.9600
13997.564453 83.029 -81.0537
14098.996094 82.966 19.6719
14201.163086 82.898 121.1348
14304.070312 82.828 -136.6631
14407.723633 82.754 -33.7285
14512.127930 82.678 69.9395
14617.289062 82.597 174.3379
14723.211914 82.513 -80.5332
14829.902344 82.422 25.3506
14937.366211 82.326 131.9932
15045.608398 82.224 -120.5986
15154.634766 82.117 -12.4170
15264.451172 82.006 96.5498
15375.063477 81.891 -153.7012
15486.477539 81.775 -43.1660
15598.699219 81.656 68.1533
15711.733398 81.534 -179.7412
15825.586914 81.409 -66.8389
15940.265625 81.280 46.8730
16055.775391 81.145 161.4160
16172.122070 81.008 -83.1719
16289.311523 80.867 33.1211
16407.351562 80.725 150.2959
16526.246094 80.584 -91.6523
16646.001953 80.444 27.2832
16766.625000 80.306 147.1016
16888.123047 80.169 -92.1855
17010.501953 80.033 29.4277
17133.767578 79.895 151.9570
17257.925781 79.756 -84.5762
17382.984375 79.617 39.8535
17508.949219 79.478 165.2715
17635.826172 79.341 -68.2871
17763.623047 79.209 59.1777
17892.345703 79.085 -172.3477
18022.001953 78.970 -42.8887
18152.597656 78.866 87.5469
18284.138672 78.772 -141.0645
18416.632812 78.688 -8.7520
18550.087891 78.611 124.4785
18684.509766 78.538 -101.3887
18819.906250 78.466 33.6426
18956.283203 78.391 169.5840
19093.648438 78.311 -53.5566
19232.009766 78.222 84.0254
19371.373047 78.123 -137.5820
19511.746094 78.016 1.8203
19653.136719 77.901 142.2422
19795.550781 77.780 -76.3066
19938.998047 77.658 66.1680
20083.484375 77.533 -150.3633
20229.017578 77.408 -5.9219
20375.605469 77.281 139.4746
20523.255859 77.150 -74.1934
20671.976562 77.014 73.0723
20821.773438 76.873 -138.7188
20972.656250 76.727 10.4434
21124.632812 76.578 160.5723
21277.710938 76.432 -48.3242
21431.898438 76.294 103.7559
21587.203125 76.171 -103.1836
21743.632812 76.070 50.8516
21901.195312 75.998 -154.1406
22059.900391 0.000 1.7445
