* Measurement data measured by REW V5.30
* Source: EXCL: Microphone (2- UMM-6), MICROPHONE (Master Volume), R, volume: 0.320. Timing signal peak level -59.3 dBFS, measurement signal peak level -43.3 dBFS
* Format: 128k Log Swept Sine, 1 sweep at -12.0 dBFS using an acoustic timing reference
* Dated: Aug 17, 2026 6:18:35 PM
* REW Settings:
*  C-weighting compensation: Off
*  Target level: 75.0 dB
* Note: ; Delay -2.9126 ms (-999 mm, -(3 ft 3.33 in)) using estimated IR delay relative to Acoustic reference played from SPEAKER R with no timing offset Clock adjustment: -18.2 ppm
* Measurement: MID (672) - TW (717)
* Smoothing: 1/6 octave
* Frequency Step: 96 ppo
* Start Frequency: 30.029297 Hz
*
* Freq(Hz) SPL(dB) Phase(degrees)
30.029297 62.411 -66.5750
30.246902 62.210 -65.8678
30.466084 61.937 -64.8050
30.686853 61.602 -63.1605
30.909224 61.222 -60.6524
31.133205 60.820 -56.9640
31.358809 60.425 -51.7814
31.586048 60.067 -44.8584
31.814934 59.775 -36.0982
32.045479 59.574 -25.6161
32.277695 59.480 -13.7514
32.511593 59.499 -1.0600
32.747185 59.628 11.6670
32.984486 59.857 23.4703
33.223503 60.166 33.4986
33.464252 60.530 41.3088
33.706749 60.918 46.9112
33.951000 61.298 50.5978
34.197021 61.643 52.7566
34.444828 61.930 53.7583
34.694431 62.142 53.9237
34.945843 62.271 53.5136
35.199074 62.311 52.7287
35.454140 62.264 51.7200
35.711056 62.136 50.5955
35.969833 61.934 49.4263
36.230484 61.667 48.2528
36.493027 61.349 47.0925
36.757469 60.989 45.9516
37.023830 60.603 44.8365
37.292122 60.207 43.7689
37.562355 59.821 42.7968
37.834549 59.476 42.0208
38.108715 59.207 41.6254
38.384865 59.056 41.9656
38.663017 59.057 43.8811
38.943184 59.229 50.1344
39.225384 59.564 76.0349
39.509628 60.030 156.2800
39.795933 60.585 -177.6862
40.084309 61.181 -172.3611
40.374775 61.775 -172.0131
40.667347 62.333 -173.8402
40.962040 62.827 -176.9783
41.258869 63.237 178.9807
41.557846 63.549 174.3130
41.858990 63.753 169.2593
42.162315 63.845 164.0573
42.467842 63.824 158.9599
42.775581 63.692 154.2516
43.085552 63.458 150.2706
43.397766 63.130 147.4423
43.712246 62.720 146.3437
44.029003 62.242 147.8367
44.348057 61.713 153.3617
44.669422 61.148 165.4732
44.993114 60.564 -172.6141
45.319153 59.979 -143.9993
45.647552 59.409 -120.8892
45.978333 58.864 -106.9388
46.311512 58.351 -98.8482
46.647106 57.869 -93.7681
46.985130 57.411 -89.9167
47.325603 56.970 -86.0319
47.668545 56.542 -81.0988
48.013969 56.132 -74.3917
48.361900 55.753 -65.8244
48.712349 55.425 -56.3267
49.065338 55.173 -47.4980
49.420887 55.021 -40.5702
49.779011 54.983 -35.8940
50.139729 55.060 -33.2480
50.503063 55.238 -32.2586
50.869030 55.489 -32.5831
51.237648 55.780 -33.9311
51.608936 56.076 -36.0373
51.982918 56.351 -38.6387
52.359608 56.586 -41.4662
52.739025 56.772 -44.2442
53.121193 56.913 -46.6688
53.506130 57.020 -48.4384
53.893856 57.111 -49.2035
54.284393 57.209 -48.4727
54.677761 57.342 -45.5072
55.073978 57.530 -39.1557
55.473068 57.792 -27.8602
55.875050 58.130 -10.7925
56.279942 58.536 9.2316
56.687771 58.991 26.6282
57.098553 59.467 38.9924
57.512314 59.935 47.2064
57.929073 60.367 52.6584
58.348850 60.735 56.3246
58.771671 61.016 58.8566
59.197556 61.191 60.7731
59.626526 61.247 62.5568
60.058605 61.181 64.7082
60.493816 60.996 67.7720
60.932178 60.705 72.3492
61.373718 60.325 79.0795
61.818459 59.878 88.5270
62.266422 59.384 100.8433
62.717632 58.865 115.2090
63.172112 58.343 129.7159
63.629883 57.833 142.3503
64.090973 57.346 152.1199
64.555405 56.886 159.0554
65.023201 56.445 163.6265
65.494385 56.015 166.3593
65.968987 55.589 167.7037
66.447021 55.166 168.0135
66.928520 54.758 167.5602
67.413513 54.382 166.5540
67.902016 54.064 165.1649
68.394058 53.825 163.5349
68.889671 53.675 161.7833
69.388878 53.609 159.9873
69.891701 53.607 158.1940
70.398163 53.641 156.4514
70.908295 53.682 154.8240
71.422127 53.712 153.3885
71.939682 53.721 152.2116
72.460983 53.714 151.3265
72.986069 53.700 150.7215
73.514954 53.694 150.3396
74.047676 53.710 150.0829
74.584259 53.757 149.8221
75.124725 53.836 149.4110
75.669113 53.940 148.7416
76.217445 54.055 147.7749
76.769745 54.162 146.5469
77.326050 54.248 145.1595
77.886383 54.304 143.7469
78.450783 54.328 142.4360
79.019272 54.328 141.3159
79.591881 54.317 140.4180
80.168640 54.309 139.7108
80.749573 54.322 139.1073
81.334717 54.368 138.4827
81.924103 54.454 137.6963
82.517761 54.583 136.6257
83.115723 54.753 135.1857
83.718010 54.958 133.3367
84.324669 55.190 131.0930
84.935722 55.438 128.5322
85.551201 55.696 125.7963
86.171143 55.958 123.0721
86.795578 56.227 120.5464
87.424538 56.509 118.3582
88.058052 56.810 116.5751
88.696159 57.138 115.1970
89.338890 57.494 114.1674
89.986275 57.877 113.4137
90.638351 58.281 112.8606
91.295151 58.698 112.4357
91.956711 59.121 112.0838
92.623070 59.540 111.7716
93.294258 59.949 111.4880
93.970306 60.344 111.2418
94.651253 60.724 111.0556
95.337135 61.091 110.9541
96.027985 61.450 110.9539
96.723846 61.808 111.0551
97.424744 62.170 111.2353
98.130722 62.542 111.4592
98.841820 62.928 111.6809
99.558067 63.327 111.8478
100.279503 63.739 111.9116
101.006172 64.160 111.8348
101.738106 64.586 111.5926
102.475342 65.013 111.1696
103.217918 65.435 110.5560
103.965881 65.848 109.7480
104.719261 66.245 108.7494
105.478104 66.620 107.5747
106.242439 66.969 106.2399
107.012314 67.288 104.7831
107.787766 67.575 103.2532
108.568840 67.828 101.6946
109.355576 68.050 100.1531
110.148010 68.241 98.6738
110.946190 68.405 97.2994
111.750153 68.548 96.0663
112.559937 68.676 95.0017
113.375595 68.798 94.1230
114.197159 68.922 93.4373
115.024681 69.057 92.9417
115.858200 69.210 92.6138
116.697754 69.387 92.4389
117.543396 69.593 92.4047
118.395164 69.830 92.4910
119.253105 70.098 92.6774
120.117264 70.396 92.9406
120.987686 70.722 93.2505
121.864410 71.075 93.5709
122.747490 71.450 93.8628
123.636971 71.843 94.0882
124.532898 72.250 94.2129
125.435318 72.665 94.2065
126.344276 73.084 94.0409
127.259819 73.501 93.6954
128.181992 73.908 93.1591
129.110855 74.298 92.4330
130.046448 74.665 91.5353
130.988815 75.001 90.5004
131.938019 75.304 89.3760
132.894089 75.572 88.2169
133.857101 75.807 87.0767
134.827087 76.015 86.0020
135.804108 76.201 85.0281
136.788193 76.372 84.1786
137.779419 76.538 83.4622
138.777832 76.706 82.8820
139.783478 76.886 82.4343
140.796402 77.083 82.1051
141.816666 77.304 81.8751
142.844330 77.551 81.7208
143.879440 77.827 81.6174
144.922043 78.131 81.5396
145.972214 78.461 81.4598
147.029984 78.812 81.3463
148.095428 79.181 81.1625
149.168594 79.559 80.8693
150.249527 79.939 80.4321
151.338303 80.311 79.8260
152.434967 80.667 79.0428
153.539566 80.999 78.0955
154.652176 81.302 77.0165
155.772842 81.575 75.8523
156.901642 81.818 74.6548
158.038620 82.037 73.4722
159.183838 82.238 72.3417
160.337357 82.429 71.2860
161.499222 82.615 70.3147
162.669510 82.802 69.4271
163.848282 82.994 68.6174
165.035599 83.195 67.8738
166.231522 83.406 67.1804
167.436096 83.628 66.5214
168.649414 83.860 65.8794
169.871521 84.102 65.2371
171.102478 84.351 64.5773
172.342361 84.606 63.8835
173.591232 84.861 63.1409
174.849152 85.115 62.3377
176.116180 85.364 61.4695
177.392395 85.605 60.5389
178.677856 85.836 59.5566
179.972626 86.057 58.5306
181.276779 86.266 57.4667
182.590393 86.465 56.3743
183.913513 86.653 55.2628
185.246231 86.830 54.1425
186.588608 86.997 53.0225
187.940704 87.155 51.9108
189.302597 87.305 50.8124
190.674362 87.449 49.7283
192.056061 87.586 48.6552
193.447784 87.715 47.5869
194.849594 87.836 46.5211
196.261551 87.945 45.4562
197.683746 88.041 44.3962
199.116241 88.120 43.3549
200.559113 88.183 42.3519
202.012451 88.232 41.4068
203.476318 88.269 40.5349
204.950790 88.299 39.7433
206.435944 88.324 39.0304
207.931870 88.349 38.3876
209.438629 88.373 37.8031
210.956314 88.397 37.2660
212.484985 88.421 36.7683
214.024734 88.443 36.3090
215.575653 88.462 35.8915
217.137802 88.480 35.5178
218.711273 88.497 35.1873
220.296143 88.514 34.8964
221.892502 88.532 34.6400
223.500427 88.549 34.4131
225.120010 88.567 34.2120
226.751328 88.582 34.0343
228.394455 88.596 33.8799
230.049500 88.605 33.7510
231.716537 88.611 33.6432
233.395645 88.611 33.5645
235.086929 88.606 33.5272
236.790466 88.596 33.5375
238.506348 88.582 33.6003
240.234665 88.565 33.7189
241.975510 88.545 33.8934
243.728958 88.525 34.1220
245.495117 88.504 34.4036
247.274078 88.482 34.7391
249.065933 88.460 35.1323
250.870773 88.438 35.5876
252.688690 88.418 36.0947
254.519775 88.401 36.6573
256.364136 88.388 37.2817
258.221863 88.381 37.9608
260.093048 88.381 38.6853
261.977783 88.387 39.4443
263.876190 88.400 40.2269
265.788361 88.419 41.0231
267.714386 88.442 41.8262
269.654358 88.467 42.6324
271.608398 88.495 43.4395
273.576599 88.524 44.2441
275.559052 88.552 45.0327
277.555878 88.578 45.8072
279.567169 88.599 46.5786
281.593018 88.614 47.3566
283.633545 88.621 48.1567
285.688873 88.618 48.9996
287.759094 88.607 49.9103
289.844330 88.587 50.9152
291.944672 88.565 52.0370
294.060211 88.544 53.2880
296.191101 88.532 54.6635
298.337433 88.535 56.1412
300.499298 88.556 57.6892
302.676849 88.595 59.2632
304.870178 88.653 60.8209
307.079407 88.723 62.3343
309.304626 88.803 63.7906
311.545990 88.887 65.1906
313.803589 88.973 66.5428
316.077545 89.060 67.8588
318.367981 89.147 69.1472
320.675018 89.232 70.4136
322.998749 89.317 71.6605
325.339325 89.401 72.8890
327.696869 89.483 74.1079
330.071503 89.563 75.3173
332.463348 89.640 76.5168
334.872528 89.713 77.7139
337.299164 89.785 78.9136
339.743378 89.856 80.1179
342.205292 89.928 81.3237
344.685059 90.000 82.5240
347.182800 90.072 83.7092
349.698639 90.143 84.8698
352.232697 90.210 85.9994
354.785126 90.271 87.0974
357.356049 90.323 88.1790
359.945587 90.364 89.2543
362.553894 90.391 90.3321
365.181122 90.406 91.4285
367.827362 90.407 92.5591
370.492798 90.397 93.7389
373.177551 90.375 94.9822
375.881744 90.344 96.3018
378.605530 90.307 97.7070
381.349060 90.266 99.2030
384.112488 90.223 100.7900
386.895935 90.181 102.4647
389.699554 90.143 104.2219
392.523468 90.111 106.0499
395.367859 90.085 107.9330
398.232849 90.067 109.8556
401.118622 90.054 111.8044
404.025299 90.046 113.7715
406.953033 90.041 115.7538
409.901978 90.036 117.7532
412.872284 90.031 119.7760
415.864136 90.025 121.8317
418.877655 90.019 123.9302
421.913025 90.014 126.0765
424.970367 90.013 128.2664
428.049866 90.018 130.4880
431.151703 90.030 132.7245
434.276001 90.046 134.9589
437.422943 90.065 137.1792
440.592682 90.085 139.3818
443.785400 90.101 141.5715
447.001251 90.113 143.7599
450.240417 90.118 145.9623
453.503052 90.117 148.1953
456.789307 90.111 150.4724
460.099396 90.102 152.8035
463.433472 90.091 155.1939
466.791687 90.080 157.6442
470.174255 90.072 160.1489
473.581329 90.069 162.6971
477.013092 90.070 165.2728
480.469727 90.075 167.8596
483.951416 90.081 170.4471
487.458313 90.085 173.0342
490.990631 90.087 175.6285
494.548553 90.083 178.2410
498.132263 90.076 -179.1193
501.741943 90.065 -176.4468
505.377777 90.050 -173.7355
509.039948 90.033 -170.9833
512.728638 90.014 -168.1910
516.444092 89.992 -165.3579
520.186462 89.970 -162.4828
523.955933 89.945 -159.5640
527.752747 89.920 -156.5996
531.577087 89.895 -153.5896
535.429138 89.869 -150.5345
539.309082 89.842 -147.4338
543.217163 89.815 -144.2839
547.153564 89.788 -141.0796
551.118469 89.761 -137.8175
555.112122 89.735 -134.4925
559.134705 89.713 -131.1019
563.186401 89.695 -127.6492
567.267456 89.682 -124.1415
571.378113 89.676 -120.5881
575.518555 89.677 -116.9983
579.689026 89.683 -113.3800
583.889709 89.694 -109.7386
588.120789 89.710 -106.0764
592.382568 89.729 -102.3925
596.675232 89.752 -98.6844
600.998962 89.777 -94.9559
605.354065 89.807 -91.2047
609.740723 89.839 -87.4277
614.159180 89.877 -83.6283
618.609619 89.918 -79.8123
623.092346 89.963 -75.9858
627.607544 90.011 -72.1529
632.155457 90.061 -68.3140
636.736328 90.114 -64.4670
641.350403 90.168 -60.6113
645.997864 90.225 -56.7503
650.679016 90.285 -52.8922
655.394104 90.346 -49.0536
660.143372 90.408 -45.2411
664.927063 90.468 -41.4538
669.745422 90.523 -37.6896
674.598694 90.572 -33.9417
679.487122 90.612 -30.2001
684.410950 90.643 -26.4535
689.370483 90.664 -22.6909
694.365967 90.675 -18.9023
699.397644 90.676 -15.0785
704.465759 90.666 -11.2095
709.570618 90.645 -7.2836
714.712463 90.615 -3.2872
719.891541 90.575 0.7932
725.108154 90.528 4.9677
730.362610 90.474 9.2440
735.655090 90.418 13.6264
740.985962 90.359 18.1170
746.355469 90.301 22.7167
751.763855 90.245 27.4270
757.211426 90.192 32.2485
762.698486 90.146 37.1804
768.225342 90.108 42.2191
773.792236 90.081 47.3569
779.399475 90.068 52.5886
785.047302 90.071 57.8932
790.736084 90.091 63.2434
796.466064 90.128 68.6173
802.237610 90.182 73.9935
808.050964 90.252 79.3521
813.906433 90.335 84.6741
819.804321 90.428 89.9446
825.744934 90.529 95.1524
831.728638 90.634 100.2914
837.755676 90.740 105.3597
843.826416 90.842 110.3596
849.941101 90.938 115.3054
856.100098 91.025 120.2042
862.303772 91.100 125.0610
868.552368 91.161 129.8896
874.846252 91.205 134.7059
881.185730 91.231 139.5281
887.571167 91.238 144.3770
894.002869 91.225 149.2753
900.481201 91.193 154.2471
907.006470 91.141 159.3167
913.579041 91.074 164.5057
920.199219 90.993 169.8345
926.867371 90.901 175.3220
933.583862 90.803 -179.0193
940.348999 90.705 -173.1826
947.163147 90.611 -167.1677
954.026672 90.528 -160.9841
960.939941 90.461 -154.6512
967.903320 90.415 -148.1991
974.917175 90.391 -141.6650
981.981812 90.392 -135.0902
989.097656 90.415 -128.5133
996.265076 90.456 -121.9688
1003.484436 90.510 -115.4817
1010.756104 90.572 -109.0830
1018.080444 90.634 -102.7727
1025.457886 90.690 -96.5317
1032.888794 90.736 -90.3455
1040.373535 90.767 -84.1931
1047.912476 90.780 -78.0499
1055.506104 90.774 -71.8889
1063.154785 90.747 -65.6810
1070.858887 90.699 -59.3977
1078.618774 90.632 -53.0112
1086.434937 90.549 -46.4967
1094.307739 90.452 -39.8337
1102.237549 90.346 -33.0221
1110.224854 90.235 -26.0483
1118.270020 90.124 -18.8998
1126.373413 90.018 -11.5817
1134.535522 89.922 -4.1078
1142.756836 89.839 3.5013
1151.037720 89.771 11.2206
1159.378662 89.721 19.0239
1167.780029 89.687 26.8861
1176.242188 89.670 34.7830
1184.765747 89.667 42.6932
1193.351074 89.675 50.5997
1201.998535 89.690 58.4849
1210.708740 89.709 66.3431
1219.482056 89.727 74.1763
1228.318970 89.740 81.9893
1237.219849 89.744 89.7938
1246.185303 89.736 97.6073
1255.215698 89.713 105.4528
1264.311523 89.673 113.3556
1273.473267 89.618 121.3424
1282.701416 89.549 129.4369
1291.996460 89.468 137.6571
1301.358765 89.379 146.0148
1310.788940 89.285 154.5181
1320.287476 89.191 163.1613
1329.854858 89.100 171.9315
1339.491577 89.015 -179.1873
1349.198120 88.936 -170.2120
1358.974976 88.864 -161.1610
1368.822632 88.799 -152.0498
1378.741699 88.738 -142.8909
1388.732666 88.679 -133.6926
1398.796021 88.620 -124.4591
1408.932251 88.556 -115.1890
1419.141968 88.484 -105.8735
1429.425659 88.402 -96.4844
1439.783813 88.306 -87.0040
1450.217041 88.195 -77.4188
1460.725952 88.068 -67.7023
1471.311035 87.927 -57.8275
1481.972778 87.773 -47.7711
1492.711792 87.609 -37.5135
1503.528564 87.439 -27.0410
1514.423706 87.267 -16.3464
1525.397827 87.097 -5.4281
1536.451538 86.932 5.7124
1547.585327 86.777 17.0723
1558.799805 86.634 28.6595
1570.095459 86.506 40.4741
1581.473022 86.397 52.5146
1592.932983 86.311 64.7815
1604.476074 86.255 77.2659
1616.102783 86.234 89.9418
1627.813721 86.253 102.7632
1639.609497 86.314 115.6659
1651.490723 86.416 128.5753
1663.458130 86.554 141.4193
1675.512207 86.719 154.1394
1687.653687 86.901 166.7003
1699.883179 87.088 179.0940
1712.201294 87.269 -168.6622
1724.608643 87.438 -156.5314
1737.105835 87.589 -144.4626
1749.693604 87.720 -132.3988
1762.372559 87.831 -120.2834
1775.143433 87.928 -108.0688
1788.006836 88.017 -95.7207
1800.963501 88.104 -83.2244
1814.014038 88.197 -70.5853
1827.159180 88.300 -57.8296
1840.399536 88.416 -44.9946
1853.735840 88.542 -32.1313
1867.168823 88.673 -19.2726
1880.699097 88.803 -6.4315
1894.327393 88.922 6.3928
1908.054443 89.024 19.2238
1921.880981 89.104 32.1030
1935.807739 89.159 45.0850
1949.835449 89.194 58.2263
1963.964722 89.213 71.5754
1978.196411 89.226 85.1611
1992.531250 89.243 98.9841
2006.969971 89.273 113.0137
2021.513306 89.322 127.1821
2036.161987 89.389 141.4258
2050.916748 89.470 155.6924
2065.778564 89.556 169.9434
2080.748047 89.636 -175.8301
2095.825928 89.702 -161.6067
2111.013184 89.748 -147.3418
2126.310547 89.770 -132.9785
2141.718750 89.772 -118.4629
2157.238525 89.758 -103.7512
2172.870850 89.738 -88.8230
2188.616455 89.720 -73.6824
2204.476074 89.709 -58.3647
2220.450684 89.709 -42.9116
2236.541016 89.717 -27.3640
2252.747803 89.729 -11.7512
2269.072021 89.737 3.9192
2285.514648 89.735 19.6663
2302.076416 89.717 35.5269
2318.758301 89.683 51.5481
2335.561035 89.636 67.7734
2352.485352 89.582 84.2307
2369.532471 89.529 100.9248
2386.703125 89.482 117.8367
2403.998047 89.446 134.9355
2421.418457 89.420 152.1763
2438.965088 89.402 169.5198
2456.638916 89.383 -173.0474
2474.440674 89.358 -155.5100
2492.371582 89.320 -137.8281
2510.432373 89.268 -119.9492
2528.624023 89.205 -101.8206
2546.947510 89.137 -83.4077
2565.403809 89.072 -64.7017
2583.993896 89.019 -45.7278
2602.718506 88.982 -26.5352
2621.578857 88.962 -7.1643
2640.575928 88.957 12.3401
2659.710693 88.962 31.9561
2678.984131 88.973 51.6975
2698.397217 88.989 71.5923
2717.950928 89.012 91.6624
2737.646240 89.048 111.9082
2757.484375 89.100 132.3047
2777.466309 89.168 152.8086
2797.593018 89.250 173.3750
2817.865479 89.340 -166.0229
2838.284912 89.432 -145.3860
2858.852295 89.521 -124.6831
2879.568604 89.606 -103.8848
2900.435059 89.688 -82.9692
2921.452881 89.770 -61.9253
2942.623047 89.855 -40.7573
2963.946533 89.942 -19.4868
2985.424561 90.029 1.8684
3007.058105 90.111 23.2981
3028.848389 90.184 44.8123
3050.796631 90.243 66.4355
3072.904053 90.288 88.2017
3095.171631 90.319 110.1418
3117.600586 90.340 132.2747
3140.191895 90.354 154.6045
3162.947021 90.364 177.1279
3185.866943 90.369 -160.1650
3208.953125 90.368 -137.2773
3232.206543 90.359 -114.1987
3255.628418 90.340 -90.9087
3279.219971 90.313 -67.3840
3302.982666 90.282 -43.6099
3326.917480 90.251 -19.5898
3351.025635 90.222 4.6616
3375.308594 90.197 29.1257
3399.767578 90.174 53.7834
3424.403809 90.150 78.6379
3449.218506 90.127 103.7061
3474.212891 90.104 128.9990
3499.388428 90.085 154.5188
3524.746338 90.071 -179.7463
3550.288086 90.062 -153.8149
3576.014893 90.059 -127.7068
3601.928223 90.059 -101.4282
3628.029297 90.060 -74.9734
3654.319580 90.061 -48.3340
3680.800293 90.064 -21.5039
3707.472900 90.070 5.5156
3734.338867 90.077 32.7134
3761.399414 90.086 60.0759
3788.656006 90.092 87.6016
3816.110107 90.094 115.3018
3843.763184 90.091 143.1909
3871.616699 90.083 171.2820
3899.672119 90.072 -160.4207
3927.930664 90.059 -131.9204
3956.394043 90.042 -103.2205
3985.063721 90.019 -74.3186
4013.941162 89.990 -45.2043
4043.027832 89.954 -15.8535
4072.325195 89.912 13.7427
4101.834961 89.864 43.5840
4131.558594 89.813 73.6699
4161.497559 89.757 104.0029
4191.653320 89.695 134.5898
4222.027832 89.630 165.4453
4252.622559 89.561 -163.4165
4283.438965 89.492 -131.9956
4314.478516 89.424 -100.2974
4345.743164 89.359 -68.3281
4377.234375 89.297 -36.0933
4408.953613 89.239 -3.5967
4440.902832 89.185 29.1616
4473.083496 89.137 62.1724
4505.497070 89.094 95.4204
4538.145996 89.056 128.8936
4571.031250 89.022 162.5854
4604.154785 88.990 -163.5049
4637.518555 88.959 -129.3755
4671.124023 88.929 -95.0303
4704.973145 88.899 -60.4712
4739.067383 88.865 -25.6982
4773.408691 88.826 9.2930
4807.998535 88.781 44.5229
4842.839355 88.726 80.0024
4877.932617 88.662 115.7437
4913.280273 88.587 151.7607
4948.883789 88.500 -171.9238
4984.745605 88.402 -135.2871
5020.867188 88.295 -98.3062
5057.250488 88.181 -60.9658
5093.897461 88.064 -23.2632
5130.810059 87.947 14.8047
5167.990234 87.833 53.2349
5205.439453 87.723 92.0205
5243.160156 87.621 131.1753
5281.154297 87.527 170.6782
5319.423828 87.442 -149.4966
5357.970703 87.367 -109.3584
5396.796875 87.301 -68.9155
5435.904297 87.245 -28.1807
5475.294922 87.196 12.8369
5514.971191 87.155 54.1294
5554.935059 87.119 95.6953
5595.188477 87.088 137.5381
5635.733398 87.061 179.6606
5676.572266 87.038 -137.9346
5717.707031 87.016 -95.2275
5759.140137 86.997 -52.2158
5800.873047 86.979 -8.9116
5842.908691 86.962 34.6895
5885.249023 86.944 78.5918
5927.895996 86.927 122.7979
5970.852051 86.909 167.3140
6014.119141 86.891 -147.8618
6057.699707 86.873 -102.7324
6101.596191 86.855 -57.3013
6145.811035 86.834 -11.5703
6190.346191 86.810 34.4600
6235.204102 86.780 80.8071
6280.386719 86.741 127.4785
6325.896973 86.693 174.4893
6371.736816 86.633 -138.1372
6417.909180 86.562 -90.3770
6464.416016 86.479 -42.2065
6511.259766 86.387 6.3994
6558.442871 86.287 55.4639
6605.968262 86.181 105.0103
6653.837891 86.072 155.0596
6702.054199 85.965 -154.3711
6750.620117 85.864 -103.2695
6799.538086 85.775 -51.6270
6848.810547 85.704 0.5469
6898.439941 85.657 53.2310
6948.428711 85.638 106.3906
6998.779785 85.651 159.9810
7049.495605 85.698 -146.0532
7100.579102 85.778 -91.7720
7152.032715 85.888 -37.2310
7203.859375 86.022 17.5225
7256.061523 86.175 72.4570
7308.642090 86.338 127.5522
7361.603516 86.505 -177.1958
7414.948730 86.668 -121.7676
7468.680664 86.821 -66.1494
7522.801758 86.957 -10.3247
7577.314941 87.071 45.7402
7632.223145 87.159 102.0845
7687.529297 87.218 158.7534
7743.236328 87.245 -144.2041
7799.347168 87.242 -86.7422
7855.864258 87.208 -28.8125
7912.791016 87.147 29.6284
7970.130371 87.062 88.6216
8027.885254 86.958 148.1973
8086.058594 86.841 -151.5859
8144.653320 86.718 -90.7266
8203.672852 86.595 -29.2529
8263.120117 86.480 32.8203
8322.998047 86.378 95.4600
8383.309570 86.291 158.6309
8444.058594 86.224 -137.7090
8505.248047 86.175 -73.5996
8566.880859 86.142 -9.0771
8628.959961 86.122 55.8311
8691.489258 86.112 121.1152
8754.471680 86.107 -173.2285
8817.910156 86.104 -107.1523
8881.808594 86.100 -40.6582
8946.169922 86.092 26.2334
9010.997070 86.077 93.5371
9076.294922 86.055 161.2686
9142.065430 86.023 -130.5547
9208.312500 85.982 -61.9199
9275.040039 85.931 7.1914
9342.250977 85.869 76.7881
9409.949219 85.797 146.8867
9478.137695 85.715 -142.5020
9546.820312 85.623 -71.3652
9616.000977 85.521 0.3418
9685.682617 85.409 72.6201
9755.869141 85.288 145.4629
9826.564453 85.159 -141.1143
9897.771484 85.022 -67.0967
9969.495117 84.878 7.5293
10041.738281 84.728 82.7764
10114.504883 84.574 158.6660
10187.798828 84.418 -124.7939
10261.624023 84.264 -47.5879
10335.984375 84.114 30.2852
10410.882812 83.972 108.8281
10486.324219 83.842 -171.9668
10562.312500 83.727 -92.1123
10638.851562 83.629 -11.6240
10715.945312 83.550 69.4678
10793.597656 83.491 151.1387
10871.812500 83.451 -126.6455
10950.593750 83.428 -43.9082
11029.946289 83.419 39.3311
11109.874023 83.418 123.0615
11190.380859 83.421 -152.7158
11271.470703 83.423 -67.9893
11353.148438 83.420 17.2666
11435.417969 83.408 103.0830
11518.284180 83.385 -170.4951
11601.750000 83.350 -83.4326
11685.821289 83.306 4.3135
11770.501953 83.255 92.7803
11855.795898 83.201 -178.0117
11941.708008 83.149 -88.0430
12028.242188 83.104 2.6807
12115.403320 83.071 94.1523
12203.196289 83.052 -173.6543
12291.625977 83.050 -80.7734
12380.696289 83.065 12.7578
12470.412109 83.095 106.8936
12560.778320 83.136 -158.3926
12651.798828 83.183 -63.1055
12743.478516 83.232 32.7520
12835.823242 83.277 129.1924
12928.836914 83.315 -133.7637
13022.524414 83.344 -36.0879
13116.890625 83.361 62.2461
13211.941406 83.366 161.2705
13307.680664 83.359 -98.9932
13404.113281 83.342 1.4736
13501.245117 83.316 102.6846
13599.081055 83.281 -155.3516
13697.625977 83.240 -52.6289
13796.884766 83.192 50.8564
13896.862305 83.139 155.1094
13997.564453 83.081 -99.8662
14098.996094 83.018 5.9336
14201.163086 82.951 112.5088
14304.070312 82.881 -140.1416
14407.723633 82.808 -32.0195
14512.127930 82.731 76.8740
14617.289062 82.651 -173.4678
14723.211914 82.566 -63.0332
14829.902344 82.475 48.1895
14937.366211 82.378 160.2119
15045.608398 82.276 -86.9619
15154.634766 82.168 26.6768
15264.451172 82.056 141.1396
15375.063477 81.941 -103.5752
15486.477539 81.824 12.5342
15598.699219 81.705 129.4697
15711.733398 81.583 -112.7686
15825.586914 81.457 5.8340
15940.265625 81.327 125.2832
16055.775391 81.193 -114.3926
16172.122070 81.055 6.8438
16289.311523 80.914 129.0059
16407.351562 80.772 -107.9121
16526.246094 80.630 16.0938
16646.001953 80.490 141.0215
16766.625000 80.352 -93.1211
16888.123047 80.214 33.6738
17010.501953 80.077 161.4121
17133.767578 79.938 -69.8887
17257.925781 79.799 59.7949
17382.984375 79.658 -169.5098
17508.949219 79.518 -37.7832
17635.826172 79.380 95.0137
17763.623047 79.247 -131.1094
17892.345703 79.122 3.8125
18022.001953 79.007 139.7715
18152.597656 78.902 -83.2461
18284.138672 78.809 54.7305
18416.632812 78.724 -166.3223
18550.087891 78.647 -26.4102
18684.509766 78.575 114.4492
18819.906250 78.503 -103.7461
18956.283203 78.428 39.0156
19093.648438 78.348 -177.2520
19232.009766 78.258 -32.7480
19371.373047 78.158 112.6152
19511.746094 78.050 -100.9609
19653.136719 77.933 46.5371
19795.550781 77.811 -164.8828
19938.998047 77.686 -15.2305
20083.484375 77.561 135.4766
20229.017578 77.434 -72.7969
20375.605469 77.305 79.9355
20523.255859 77.172 -126.3398
20671.976562 77.034 28.3770
20821.773438 76.890 -175.9141
20972.656250 76.741 -19.1953
21124.632812 76.589 138.5488
21277.710938 76.439 -62.6816
21431.898438 76.296 97.1230
21587.203125 76.170 -102.0332
21743.632812 76.066 59.8359
21901.195312 75.992 -137.2637
22059.900391 0.000 26.5572
