* Measurement data measured by REW V5.30
* Source: EXCL: Microphone (2- UMM-6), MICROPHONE (Master Volume), R, volume: 0.320. Timing signal peak level -58.2 dBFS, measurement signal peak level -43.3 dBFS
* Format: 128k Log Swept Sine, 1 sweep at -12.0 dBFS using an acoustic timing reference
* Dated: Aug 17, 2026 6:29:39 PM
* REW Settings:
*  C-weighting compensation: Off
*  Target level: 75.0 dB
* Note: ; Delay -2.7956 ms (-959 mm, -(3 ft 1.75 in)) using estimated IR delay relative to Acoustic reference played from SPEAKER R with no timing offset Clock adjustment: -18.5 ppm
* Measurement: MID + TW (837us)
* Smoothing: 1/6 octave
* Frequency Step: 96 ppo
* Start Frequency: 30.029297 Hz
*
* Freq(Hz) SPL(dB) Phase(degrees)
30.029297 64.237 86.7261
30.246902 64.032 87.4648
30.466084 63.754 88.4590
30.686853 63.412 89.7724
30.909224 63.019 91.4823
31.133205 62.592 93.6843
31.358809 62.150 96.5057
31.586048 61.716 100.1293
31.814934 61.317 104.8198
32.045479 60.983 110.9318
32.277695 60.747 118.8338
32.511593 60.634 128.6421
32.747185 60.660 139.7651
32.984486 60.822 150.7393
33.223503 61.095 159.9369
33.464252 61.444 166.4890
33.706749 61.828 170.3857
33.951000 62.207 172.0327
34.197021 62.550 171.9031
34.444828 62.832 170.3992
34.694431 63.038 167.8425
34.945843 63.154 164.4882
35.199074 63.177 160.5419
35.454140 63.102 156.1814
35.711056 62.931 151.5681
35.969833 62.670 146.8549
36.230484 62.327 142.1852
36.493027 61.917 137.6848
36.757469 61.457 133.4479
37.023830 60.973 129.5158
37.292122 60.487 125.8624
37.562355 60.026 122.3928
37.834549 59.608 118.9787
38.108715 59.240 115.5020
38.384865 58.921 111.8966
38.663017 58.639 108.1786
38.943184 58.376 104.4567
39.225384 58.118 100.9386
39.509628 57.859 97.9568
39.795933 57.598 96.0449
40.084309 57.346 96.1170
40.374775 57.122 99.8256
40.667347 56.947 109.8893
40.962040 56.841 128.0148
41.258869 56.818 147.8888
41.557846 56.877 160.4724
41.858990 57.004 165.4635
42.162315 57.176 165.7299
42.467842 57.367 163.2693
42.775581 57.549 159.1965
43.085552 57.702 154.1708
43.397766 57.809 148.6414
43.712246 57.866 142.9620
44.029003 57.871 137.4371
44.348057 57.834 132.3285
44.669422 57.770 127.8449
44.993114 57.696 124.1105
45.319153 57.630 121.1568
45.647552 57.583 118.9432
45.978333 57.559 117.3983
46.311512 57.553 116.4760
46.647106 57.554 116.1892
46.985130 57.555 116.5997
47.325603 57.547 117.7566
47.668545 57.530 119.6087
48.013969 57.503 121.9403
48.361900 57.463 124.3974
48.712349 57.408 126.6121
49.065338 57.334 128.3548
49.420887 57.244 129.6067
49.779011 57.145 130.5617
50.139729 57.054 131.6851
50.503063 56.993 134.3079
50.869030 56.980 148.0304
51.237648 57.024 -80.5502
51.608936 57.119 -65.4237
51.982918 57.250 -63.3400
52.359608 57.391 -63.2863
52.739025 57.519 -63.9050
53.121193 57.618 -64.7542
53.506130 57.684 -65.6597
53.893856 57.724 -66.5889
54.284393 57.753 -67.6229
54.677761 57.791 -69.0000
55.073978 57.857 -71.2134
55.473068 57.969 -75.3718
55.875050 58.137 -84.7554
56.279942 58.367 -112.9137
56.687771 58.657 -176.4014
57.098553 58.994 153.1433
57.512314 59.357 143.0474
57.929073 59.720 138.4393
58.348850 60.057 135.7587
58.771671 60.342 133.8900
59.197556 60.556 132.4425
59.626526 60.686 131.2976
60.058605 60.727 130.4500
60.493816 60.678 129.9383
60.932178 60.545 129.8173
61.373718 60.334 130.1511
61.818459 60.051 131.0152
62.266422 59.705 132.4884
62.717632 59.304 134.6271
63.172112 58.859 137.4368
63.629883 58.382 140.8123
64.090973 57.881 144.5552
64.555405 57.363 148.4441
65.023201 56.836 152.2851
65.494385 56.305 155.9152
65.968987 55.781 159.1229
66.447021 55.273 161.5357
66.928520 54.786 162.5861
67.413513 54.324 161.6625
67.902016 53.886 158.4262
68.394058 53.467 153.1163
68.889671 53.062 146.6051
69.388878 52.668 140.0560
69.891701 52.287 134.4372
70.398163 51.928 130.2621
70.908295 51.604 127.6291
71.422127 51.335 126.3767
71.939682 51.138 126.2053
72.460983 51.030 126.7523
72.986069 51.019 127.6555
73.514954 51.102 128.6148
74.047676 51.267 129.4334
74.584259 51.501 130.0223
75.124725 51.787 130.3694
75.669113 52.109 130.5252
76.217445 52.456 130.5661
76.769745 52.817 130.5522
77.326050 53.188 130.5037
77.886383 53.562 130.3918
78.450783 53.932 130.1587
79.019272 54.291 129.7521
79.591881 54.629 129.1492
80.168640 54.941 128.3604
80.749573 55.226 127.4223
81.334717 55.483 126.3914
81.924103 55.721 125.3352
82.517761 55.951 124.3301
83.115723 56.188 123.4462
83.718010 56.448 122.7348
84.324669 56.742 122.2290
84.935722 57.077 121.9468
85.551201 57.453 121.8935
86.171143 57.864 122.0567
86.795578 58.304 122.3981
87.424538 58.762 122.8516
88.058052 59.227 123.3334
88.696159 59.687 123.7610
89.338890 60.129 124.0579
89.986275 60.544 124.1726
90.638351 60.922 124.0697
91.295151 61.253 123.7218
91.956711 61.530 123.1236
92.623070 61.746 122.3013
93.294258 61.902 121.3137
93.970306 62.006 120.2399
94.651253 62.074 119.1565
95.337135 62.128 118.1175
96.027985 62.191 117.1462
96.723846 62.287 116.2383
97.424744 62.434 115.3676
98.130722 62.642 114.5033
98.841820 62.915 113.6158
99.558067 63.249 112.6782
100.279503 63.636 111.6736
101.006172 64.062 110.5995
101.738106 64.514 109.4687
102.475342 64.978 108.3046
103.217918 65.441 107.1324
103.965881 65.894 105.9731
104.719261 66.327 104.8408
105.478104 66.731 103.7435
106.242439 67.102 102.6746
107.012314 67.435 101.6344
107.787766 67.730 100.6235
108.568840 67.984 99.6339
109.355576 68.198 98.6611
110.148010 68.374 97.7092
110.946190 68.516 96.7928
111.750153 68.631 95.9351
112.559937 68.728 95.1631
113.375595 68.818 94.5028
114.197159 68.912 93.9746
115.024681 69.021 93.5906
115.858200 69.155 93.3416
116.697754 69.319 93.2217
117.543396 69.517 93.2210
118.395164 69.749 93.3155
119.253105 70.013 93.4785
120.117264 70.309 93.6837
120.987686 70.633 93.9054
121.864410 70.982 94.1185
122.747490 71.355 94.2981
123.636971 71.749 94.4192
124.532898 72.159 94.4564
125.435318 72.583 94.3842
126.344276 73.012 94.1763
127.259819 73.441 93.8121
128.181992 73.860 93.2796
129.110855 74.260 92.5778
130.046448 74.635 91.7205
130.988815 74.978 90.7367
131.938019 75.285 89.6675
132.894089 75.558 88.5611
133.857101 75.798 87.4663
134.827087 76.011 86.4256
135.804108 76.205 85.4715
136.788193 76.387 84.6250
137.779419 76.564 83.8932
138.777832 76.745 83.2785
139.783478 76.934 82.7775
140.796402 77.138 82.3798
141.816666 77.361 82.0717
142.844330 77.604 81.8379
143.879440 77.871 81.6610
144.922043 78.161 81.5199
145.972214 78.475 81.3881
147.029984 78.810 81.2327
148.095428 79.163 81.0147
149.168594 79.527 80.6935
150.249527 79.897 80.2334
151.338303 80.262 79.6096
152.434967 80.614 78.8153
153.539566 80.945 77.8648
154.652176 81.251 76.7909
155.772842 81.529 75.6393
156.901642 81.780 74.4599
158.038620 82.008 73.2982
159.183838 82.218 72.1888
160.337357 82.417 71.1525
161.499222 82.611 70.1976
162.669510 82.805 69.3237
163.848282 83.002 68.5264
165.035599 83.207 67.7957
166.231522 83.420 67.1177
167.436096 83.642 66.4774
168.649414 83.874 65.8572
169.871521 84.115 65.2378
171.102478 84.362 64.5992
172.342361 84.615 63.9222
173.591232 84.869 63.1890
174.849152 85.122 62.3870
176.116180 85.370 61.5115
177.392395 85.610 60.5669
178.677856 85.842 59.5663
179.972626 86.063 58.5203
181.276779 86.274 57.4377
182.590393 86.473 56.3298
183.913513 86.661 55.2077
185.246231 86.838 54.0822
186.588608 87.005 52.9628
187.940704 87.162 51.8566
189.302597 87.311 50.7679
190.674362 87.453 49.6966
192.056061 87.589 48.6384
193.447784 87.717 47.5861
194.849594 87.838 46.5364
196.261551 87.947 45.4868
197.683746 88.042 44.4411
199.116241 88.122 43.4138
200.559113 88.185 42.4254
202.012451 88.234 41.4966
203.476318 88.272 40.6431
204.950790 88.302 39.8716
206.435944 88.330 39.1789
207.931870 88.356 38.5549
209.438629 88.384 37.9853
210.956314 88.412 37.4571
212.484985 88.441 36.9602
214.024734 88.468 36.4925
215.575653 88.493 36.0571
217.137802 88.517 35.6565
218.711273 88.540 35.2912
220.296143 88.562 34.9586
221.892502 88.584 34.6550
223.500427 88.605 34.3764
225.120010 88.625 34.1198
226.751328 88.642 33.8834
228.394455 88.656 33.6681
230.049500 88.664 33.4774
231.716537 88.667 33.3083
233.395645 88.662 33.1700
235.086929 88.651 33.0764
236.790466 88.633 33.0348
238.506348 88.609 33.0522
240.234665 88.579 33.1338
241.975510 88.546 33.2827
243.728958 88.509 33.5004
245.495117 88.470 33.7886
247.274078 88.430 34.1506
249.065933 88.388 34.5910
250.870773 88.348 35.1137
252.688690 88.311 35.7070
254.519775 88.279 36.3726
256.364136 88.254 37.1143
258.221863 88.238 37.9225
260.093048 88.233 38.7847
261.977783 88.239 39.6865
263.876190 88.256 40.6118
265.788361 88.284 41.5457
267.714386 88.321 42.4755
269.654358 88.364 43.3919
271.608398 88.413 44.2877
273.576599 88.465 45.1564
275.559052 88.517 45.9826
277.555878 88.567 46.7688
279.567169 88.611 47.5283
281.593018 88.647 48.2738
283.633545 88.672 49.0241
285.688873 88.685 49.8031
287.759094 88.686 50.6385
289.844330 88.678 51.5591
291.944672 88.664 52.5894
294.060211 88.650 53.7430
296.191101 88.641 55.0173
298.337433 88.645 56.3921
300.499298 88.665 57.8377
302.676849 88.701 59.3128
304.870178 88.754 60.7776
307.079407 88.819 62.2061
309.304626 88.893 63.5862
311.545990 88.970 64.9182
313.803589 89.050 66.2099
316.077545 89.131 67.4708
318.367981 89.210 68.7086
320.675018 89.289 69.9277
322.998749 89.367 71.1305
325.339325 89.442 72.3181
327.696869 89.515 73.5001
330.071503 89.583 74.6777
332.463348 89.647 75.8523
334.872528 89.707 77.0330
337.299164 89.762 78.2281
339.743378 89.816 79.4422
342.205292 89.868 80.6753
344.685059 89.921 81.9223
347.182800 89.976 83.1738
349.698639 90.030 84.4188
352.232697 90.084 85.6481
354.785126 90.134 86.8567
357.356049 90.179 88.0551
359.945587 90.216 89.2487
362.553894 90.243 90.4424
365.181122 90.261 91.6499
367.827362 90.268 92.8854
370.492798 90.265 94.1632
373.177551 90.254 95.4967
375.881744 90.236 96.8977
378.605530 90.214 98.3736
381.349060 90.191 99.9265
384.112488 90.170 101.5531
386.895935 90.151 103.2463
389.699554 90.137 104.9980
392.523468 90.128 106.7953
395.367859 90.124 108.6233
398.232849 90.125 110.4699
401.118622 90.128 112.3266
404.025299 90.132 114.1907
406.953033 90.135 116.0644
409.901978 90.134 117.9541
412.872284 90.129 119.8697
415.864136 90.120 121.8238
418.877655 90.107 123.8288
421.913025 90.094 125.8922
424.970367 90.082 128.0124
428.049866 90.074 130.1795
431.151703 90.071 132.3783
434.276001 90.073 134.5922
437.422943 90.079 136.8083
440.592682 90.086 139.0206
443.785400 90.092 141.2308
447.001251 90.096 143.4472
450.240417 90.096 145.6813
453.503052 90.092 147.9454
456.789307 90.085 150.2498
460.099396 90.076 152.6008
463.433472 90.067 155.0028
466.791687 90.058 157.4561
470.174255 90.052 159.9571
473.581329 90.048 162.4978
477.013092 90.047 165.0665
480.469727 90.048 167.6508
483.951416 90.049 170.2445
487.458313 90.047 172.8495
490.990631 90.041 175.4756
494.548553 90.031 178.1340
498.132263 90.018 -179.1672
501.741943 90.002 -176.4243
505.377777 89.986 -173.6343
509.039948 89.970 -170.7987
512.728638 89.955 -167.9221
516.444092 89.942 -165.0089
520.186462 89.931 -162.0634
523.955933 89.921 -159.0888
527.752747 89.913 -156.0887
531.577087 89.906 -153.0665
535.429138 89.899 -150.0253
539.309082 89.892 -146.9653
543.217163 89.883 -143.8831
547.153564 89.871 -140.7716
551.118469 89.857 -137.6248
555.112122 89.839 -134.4332
559.134705 89.820 -131.1878
563.186401 89.799 -127.8840
567.267456 89.778 -124.5198
571.378113 89.758 -121.0947
575.518555 89.739 -117.6089
579.689026 89.723 -114.0618
583.889709 89.710 -110.4530
588.120789 89.701 -106.7817
592.382568 89.697 -103.0475
596.675232 89.699 -99.2521
600.998962 89.710 -95.4063
605.354065 89.730 -91.5177
609.740723 89.761 -87.5941
614.159180 89.802 -83.6506
618.609619 89.853 -79.7041
623.092346 89.912 -75.7705
627.607544 89.978 -71.8614
632.155457 90.048 -67.9814
636.736328 90.119 -64.1290
641.350403 90.192 -60.3010
645.997864 90.264 -56.4952
650.679016 90.336 -52.7123
655.394104 90.406 -48.9613
660.143372 90.472 -45.2415
664.927063 90.532 -41.5455
669.745422 90.585 -37.8662
674.598694 90.629 -34.1926
679.487122 90.663 -30.5123
684.410950 90.687 -26.8128
689.370483 90.701 -23.0839
694.365967 90.706 -19.3174
699.397644 90.701 -15.5063
704.465759 90.687 -11.6436
709.570618 90.663 -7.7199
714.712463 90.630 -3.7239
719.891541 90.590 0.3560
725.108154 90.542 4.5291
730.362610 90.489 8.8030
735.655090 90.433 13.1818
740.985962 90.377 17.6677
746.355469 90.320 22.2623
751.763855 90.266 26.9678
757.211426 90.216 31.7858
762.698486 90.172 36.7162
768.225342 90.137 41.7554
773.792236 90.113 46.8948
779.399475 90.104 52.1276
785.047302 90.110 57.4313
790.736084 90.134 62.7778
796.466064 90.175 68.1444
802.237610 90.232 73.5099
808.050964 90.305 78.8541
813.906433 90.391 84.1581
819.804321 90.487 89.4060
825.744934 90.590 94.5868
831.728638 90.696 99.6949
837.755676 90.802 104.7297
843.826416 90.904 109.6948
849.941101 91.000 114.6066
856.100098 91.085 119.4735
862.303772 91.159 124.3030
868.552368 91.218 129.1104
874.846252 91.263 133.9117
881.185730 91.291 138.7246
887.571167 91.301 143.5670
894.002869 91.294 148.4583
900.481201 91.270 153.4183
907.006470 91.231 158.4670
913.579041 91.176 163.6227
920.199219 91.110 168.9028
926.867371 91.033 174.3252
933.583862 90.950 179.9030
940.348999 90.865 -174.3551
947.163147 90.782 -168.4440
954.026672 90.707 -162.3674
960.939941 90.645 -156.1384
967.903320 90.601 -149.7803
974.917175 90.577 -143.3247
981.981812 90.576 -136.8091
989.097656 90.598 -130.2717
996.265076 90.639 -123.7485
1003.484436 90.696 -117.2692
1010.756104 90.763 -110.8712
1018.080444 90.834 -104.5607
1025.457886 90.904 -98.3255
1032.888794 90.967 -92.1564
1040.373535 91.019 -86.0374
1047.912476 91.055 -79.9469
1055.506104 91.073 -73.8593
1063.154785 91.071 -67.7467
1070.858887 91.050 -61.5795
1078.618774 91.009 -55.3283
1086.434937 90.951 -48.9655
1094.307739 90.878 -42.4672
1102.237549 90.794 -35.8293
1110.224854 90.705 -29.0351
1118.270020 90.614 -22.0687
1126.373413 90.528 -14.9342
1134.535522 90.450 -7.6445
1142.756836 90.385 -0.2204
1151.037720 90.335 7.3132
1159.378662 90.301 14.9305
1167.780029 90.285 22.6068
1176.242188 90.284 30.3198
1184.765747 90.297 38.0503
1193.351074 90.322 45.7828
1201.998535 90.357 53.5009
1210.708740 90.397 61.1976
1219.482056 90.440 68.8718
1228.318970 90.482 76.5226
1237.219849 90.520 84.1546
1246.185303 90.551 91.7769
1255.215698 90.571 99.4039
1264.311523 90.580 107.0540
1273.473267 90.575 114.7474
1282.701416 90.558 122.5048
1291.996460 90.529 130.3444
1301.358765 90.490 138.2815
1310.788940 90.443 146.3312
1320.287476 90.392 154.4983
1329.854858 90.339 162.7815
1339.491577 90.287 171.1775
1349.198120 90.239 179.6790
1358.974976 90.196 -171.7251
1368.822632 90.160 -163.0477
1378.741699 90.131 -154.3032
1388.732666 90.109 -145.5061
1398.796021 90.092 -136.6697
1408.932251 90.079 -127.8049
1419.141968 90.068 -118.9182
1429.425659 90.055 -109.9984
1439.783813 90.037 -101.0464
1450.217041 90.011 -92.0660
1460.725952 89.975 -83.0454
1471.311035 89.927 -73.9690
1481.972778 89.866 -64.8174
1492.711792 89.789 -55.5687
1503.528564 89.698 -46.2000
1514.423706 89.593 -36.6875
1525.397827 89.476 -27.0088
1536.451538 89.349 -17.1423
1547.585327 89.217 -7.0703
1558.799805 89.083 3.2295
1570.095459 88.954 13.7637
1581.473022 88.834 24.5277
1592.932983 88.730 35.5132
1604.476074 88.648 46.6997
1616.102783 88.594 58.0538
1627.813721 88.571 69.5316
1639.609497 88.580 81.0826
1651.490723 88.619 92.6559
1663.458130 88.684 104.2087
1675.512207 88.768 115.7100
1687.653687 88.865 127.1442
1699.883179 88.966 138.5118
1712.201294 89.065 149.8270
1724.608643 89.158 161.1149
1737.105835 89.241 172.4077
1749.693604 89.314 -176.2589
1762.372559 89.376 -164.8502
1775.143433 89.432 -153.3372
1788.006836 89.487 -141.7018
1800.963501 89.546 -129.9402
1814.014038 89.614 -118.0660
1827.159180 89.694 -106.1083
1840.399536 89.787 -94.1035
1853.735840 89.890 -82.0977
1867.168823 89.996 -70.1156
1880.699097 90.099 -58.1617
1894.327393 90.191 -46.2274
1908.054443 90.265 -34.2859
1921.880981 90.318 -22.2963
1935.807739 90.349 -10.2103
1949.835449 90.360 2.0179
1963.964722 90.358 14.4259
1978.196411 90.351 27.0331
1992.531250 90.346 39.8364
2006.969971 90.352 52.8112
2021.513306 90.372 65.9017
2036.161987 90.406 79.0634
2050.916748 90.449 92.2628
2065.778564 90.495 105.4753
2080.748047 90.535 118.6986
2095.825928 90.562 131.9518
2111.013184 90.571 145.2720
2126.310547 90.560 158.7034
2141.718750 90.532 172.2889
2157.238525 90.491 -173.9393
2172.870850 90.444 -159.9670
2188.616455 90.399 -145.7999
2204.476074 90.359 -131.4683
2220.450684 90.329 -117.0052
2236.541016 90.305 -102.4402
2252.747803 90.284 -87.7930
2269.072021 90.259 -73.0663
2285.514648 90.226 -58.2416
2302.076416 90.181 -43.2878
2318.758301 90.124 -28.1683
2335.561035 90.057 -12.8496
2352.485352 89.987 2.6858
2369.532471 89.918 18.4370
2386.703125 89.858 34.3840
2403.998047 89.807 50.5017
2421.418457 89.766 66.7554
2438.965088 89.729 83.1177
2456.638916 89.693 99.5859
2474.440674 89.650 116.1802
2492.371582 89.599 132.9370
2510.432373 89.538 149.9014
2528.624023 89.471 167.1123
2546.947510 89.407 -175.4126
2565.403809 89.351 -157.6816
2583.993896 89.311 -139.7307
2602.718506 89.289 -121.6089
2621.578857 89.284 -103.3494
2640.575928 89.291 -84.9817
2659.710693 89.305 -66.5151
2678.984131 89.324 -47.9292
2698.397217 89.347 -29.1970
2717.950928 89.378 -10.3025
2737.646240 89.421 8.7498
2757.484375 89.479 27.9316
2777.466309 89.550 47.2031
2797.593018 89.633 66.5264
2817.865479 89.719 85.8848
2838.284912 89.803 105.2844
2858.852295 89.882 124.7615
2879.568604 89.955 144.3440
2900.435059 90.024 164.0491
2921.452881 90.092 -176.1160
2942.623047 90.162 -156.1611
2963.946533 90.233 -136.1067
2985.424561 90.303 -115.9678
3007.058105 90.366 -95.7502
3028.848389 90.417 -75.4402
3050.796631 90.454 -55.0088
3072.904053 90.475 -34.4219
3095.171631 90.483 -13.6509
3117.600586 90.480 7.3218
3140.191895 90.471 28.4988
3162.947021 90.458 49.8735
3185.866943 90.440 71.4365
3208.953125 90.416 93.1858
3232.206543 90.384 115.1328
3255.628418 90.343 137.2983
3279.219971 90.295 159.7041
3302.982666 90.245 -177.6399
3326.917480 90.196 -154.7402
3351.025635 90.151 -131.6143
3375.308594 90.111 -108.2812
3399.767578 90.073 -84.7605
3424.403809 90.036 -61.0466
3449.218506 90.000 -37.1230
3474.212891 89.964 -12.9771
3499.388428 89.932 11.3909
3524.746338 89.905 35.9690
3550.288086 89.884 60.7378
3576.014893 89.868 85.6797
3601.928223 89.854 110.7910
3628.029297 89.840 136.0801
3654.319580 89.827 161.5566
3680.800293 89.815 -172.7712
3707.472900 89.806 -146.9041
3734.338867 89.800 -120.8533
3761.399414 89.796 -94.6301
3788.656006 89.790 -68.2336
3816.110107 89.783 -41.6536
3843.763184 89.773 -14.8745
3871.616699 89.761 12.1133
3899.672119 89.751 39.3103
3927.930664 89.741 66.7080
3956.394043 89.732 94.2959
3985.063721 89.722 122.0718
4013.941162 89.709 150.0408
4043.027832 89.693 178.2214
4072.325195 89.674 -153.3816
4101.834961 89.653 -124.7742
4131.558594 89.628 -95.9585
4161.497559 89.600 -66.9333
4191.653320 89.566 -37.6895
4222.027832 89.526 -8.2097
4252.622559 89.481 21.5186
4283.438965 89.434 51.5020
4314.478516 89.385 81.7361
4345.743164 89.336 112.2192
4377.234375 89.287 142.9495
4408.953613 89.237 173.9304
4440.902832 89.189 -154.8359
4473.083496 89.143 -123.3557
4505.497070 89.101 -91.6396
4538.145996 89.060 -59.6975
4571.031250 89.022 -27.5352
4604.154785 88.984 4.8506
4637.518555 88.945 37.4590
4671.124023 88.907 70.2900
4704.973145 88.867 103.3384
4739.067383 88.823 136.6060
4773.408691 88.775 170.0981
4807.998535 88.720 -156.1670
4842.839355 88.657 -122.1763
4877.932617 88.586 -87.9209
4913.280273 88.505 -53.3867
4948.883789 88.415 -18.5527
4984.745605 88.315 16.6011
5020.867188 88.209 52.0952
5057.250488 88.099 87.9399
5093.897461 87.989 124.1338
5130.810059 87.882 160.6758
5167.990234 87.780 -162.4443
5205.439453 87.686 -125.2354
5243.160156 87.600 -87.6899
5281.154297 87.525 -49.8306
5319.423828 87.458 -11.6841
5357.970703 87.401 26.7412
5396.796875 87.351 65.4385
5435.904297 87.308 104.4004
5475.294922 87.271 143.6235
5514.971191 87.238 -176.8965
5554.935059 87.208 -137.1538
5595.188477 87.179 -97.1411
5635.733398 87.152 -56.8525
5676.572266 87.126 -16.2832
5717.707031 87.101 24.5889
5759.140137 87.077 65.7646
5800.873047 87.053 107.2319
5842.908691 87.030 148.9951
5885.249023 87.007 -168.9434
5927.895996 86.983 -126.5820
5970.852051 86.960 -83.9160
6014.119141 86.937 -40.9482
6057.699707 86.915 2.3159
6101.596191 86.892 45.8721
6145.811035 86.868 89.7178
6190.346191 86.841 133.8516
6235.204102 86.809 178.2881
6280.386719 86.769 -136.9639
6325.896973 86.719 -91.8911
6371.736816 86.658 -46.4712
6417.909180 86.586 -0.6792
6464.416016 86.503 45.5068
6511.259766 86.411 92.1123
6558.442871 86.310 139.1611
6605.968262 86.203 -173.3237
6653.837891 86.093 -125.3228
6702.054199 85.985 -76.8169
6750.620117 85.883 -27.7935
6799.538086 85.792 21.7559
6848.810547 85.719 71.8218
6898.439941 85.669 122.3838
6948.428711 85.647 173.4087
6998.779785 85.657 -135.1479
7049.495605 85.700 -83.3413
7100.579102 85.777 -31.2305
7152.032715 85.883 21.1289
7203.859375 86.015 73.6895
7256.061523 86.164 126.4180
7308.642090 86.325 179.2959
7361.603516 86.489 -127.6831
7414.948730 86.650 -74.5005
7468.680664 86.802 -21.1421
7522.801758 86.936 32.4062
7577.314941 87.049 86.1787
7632.223145 87.137 140.2134
7687.529297 87.195 -165.4458
7743.236328 87.222 -110.7510
7799.347168 87.219 -55.6533
7855.864258 87.185 -0.1074
7912.791016 87.124 55.9326
7970.130371 87.040 112.5034
8027.885254 86.936 169.6396
8086.058594 86.818 -132.6025
8144.653320 86.695 -74.2212
8203.672852 86.572 -15.2417
8263.120117 86.456 44.3184
8322.998047 86.353 104.4282
8383.309570 86.266 165.0537
8444.058594 86.197 -133.8496
8505.248047 86.147 -72.3218
8566.880859 86.114 -10.3989
8628.959961 86.093 51.8926
8691.489258 86.082 114.5420
8754.471680 86.077 177.5469
8817.910156 86.073 -119.0479
8881.808594 86.068 -55.2432
8946.169922 86.059 8.9404
9010.997070 86.044 73.5156
9076.294922 86.021 138.4980
9142.065430 85.989 -156.0918
9208.312500 85.948 -90.2441
9275.040039 85.896 -23.9424
9342.250977 85.834 42.8252
9409.949219 85.761 110.0742
9478.137695 85.679 177.8145
9546.820312 85.586 -113.9424
9616.000977 85.483 -45.1514
9685.682617 85.371 24.1895
9755.869141 85.250 94.0723
9826.564453 85.120 164.5127
9897.771484 84.983 -124.4766
9969.495117 84.838 -52.8789
10041.738281 84.688 19.3193
10114.504883 84.534 92.1348
10187.798828 84.379 165.5811
10261.624023 84.224 -120.3311
10335.984375 84.074 -45.5957
10410.882812 83.932 29.7881
10486.324219 83.801 105.8115
10562.312500 83.685 -177.5361
10638.851562 83.587 -100.2734
10715.945312 83.508 -22.4277
10793.597656 83.448 55.9736
10871.812500 83.408 134.8965
10950.593750 83.385 -145.6816
11029.946289 83.375 -65.7832
11109.874023 83.374 14.5830
11190.380859 83.378 95.4141
11271.470703 83.381 176.7246
11353.148438 83.378 -101.4619
11435.417969 83.367 -19.1123
11518.284180 83.344 63.8154
11601.750000 83.310 147.3584
11685.821289 83.267 -128.4395
11770.501953 83.216 -43.5469
11855.795898 83.162 42.0664
11941.708008 83.110 128.4111
12028.242188 83.065 -144.5137
12115.403320 83.031 -56.7188
12203.196289 83.012 31.7715
12291.625977 83.009 120.9238
12380.696289 83.022 -149.3008
12470.412109 83.051 -58.9492
12560.778320 83.090 31.9561
12651.798828 83.136 123.4072
12743.478516 83.184 -144.5996
12835.823242 83.229 -52.0488
12928.836914 83.267 41.0771
13022.524414 83.295 134.8047
13116.890625 83.311 -130.8359
13211.941406 83.316 -35.8184
13307.680664 83.309 59.8818
13404.113281 83.292 156.2832
13501.245117 83.266 -106.5977
13599.081055 83.231 -8.7568
13697.625977 83.190 89.8115
13796.884766 83.142 -170.8848
13896.862305 83.089 -70.8447
13997.564453 83.031 29.9385
14098.996094 82.968 131.4648
14201.163086 82.901 -126.2637
14304.070312 82.832 -23.2510
14407.723633 82.759 80.5029
14512.127930 82.682 -175.0049
14617.289062 82.602 -69.7783
14723.211914 82.518 36.1885
14829.902344 82.427 142.9121
14937.366211 82.331 -109.5957
15045.608398 82.228 -1.3350
15154.634766 82.120 107.7090
15264.451172 82.008 -142.4600
15375.063477 81.893 -31.8359
15486.477539 81.776 79.5762
15598.699219 81.657 -168.2158
15711.733398 81.534 -55.2168
15825.586914 81.408 58.5898
15940.265625 81.278 173.2090
16055.775391 81.143 -71.3281
16172.122070 81.005 45.0088
16289.311523 80.863 162.2373
16407.351562 80.721 -79.6484
16526.246094 80.579 39.3525
16646.001953 80.439 159.2412
16766.625000 80.300 -79.9756
16888.123047 80.163 41.7031
17010.501953 80.026 164.2891
17133.767578 79.888 -72.2031
17257.925781 79.749 52.2500
17382.984375 79.608 177.6719
17508.949219 79.468 -55.9082
17635.826172 79.331 71.5371
17763.623047 79.198 -159.9785
17892.345703 79.073 -30.4805
18022.001953 78.957 100.0137
18152.597656 78.852 -128.5078
18284.138672 78.758 3.9297
18416.632812 78.673 137.3008
18550.087891 78.596 -88.4043
18684.509766 78.523 46.8008
18819.906250 78.451 -177.0938
18956.283203 78.376 -40.0723
19093.648438 78.296 97.8770
19232.009766 78.206 -123.4492
19371.373047 78.108 16.0449
19511.746094 77.999 156.5508
19653.136719 77.884 -61.9062
19795.550781 77.762 80.6660
19938.998047 77.638 -135.7285
20083.484375 77.513 8.8848
20229.017578 77.386 154.4766
20375.605469 77.258 -58.9707
20523.255859 77.126 88.5293
20671.976562 76.988 -123.0234
20821.773438 76.845 26.3711
20972.656250 76.697 176.7285
21124.632812 76.546 -31.9375
21277.710938 76.398 120.3828
21431.898438 76.257 -86.3105
21587.203125 76.131 67.9883
21743.632812 76.028 -136.7363
21901.195312 75.955 19.5293
22059.900391 0.000 176.6694
