* Measurement data measured by REW V5.30
* Source: EXCL: Microphone (2- UMM-6), MICROPHONE (Master Volume), R, volume: 0.320. Timing signal peak level -58.6 dBFS, measurement signal peak level -43.7 dBFS
* Format: 128k Log Swept Sine, 1 sweep at -12.0 dBFS using an acoustic timing reference
* Dated: Aug 17, 2026 7:00:41 PM
* REW Settings:
*  C-weighting compensation: Off
*  Target level: 75.0 dB
* Note: ; Delay -2.7747 ms (-952 mm, -(3 ft 1.47 in)) using estimated IR delay relative to Acoustic reference played from SPEAKER R with no timing offset Clock adjustment: -18.6 ppm
* Measurement: MID LR + TW BW
* Smoothing: 1/6 octave
* Frequency Step: 96 ppo
* Start Frequency: 30.029297 Hz
*
* Freq(Hz) SPL(dB) Phase(degrees)
30.029297 77.017 -122.3742
30.246902 77.199 -122.9590
30.466084 77.428 -123.7922
30.686853 77.686 -124.8275
30.909224 77.958 -126.0111
31.133205 78.232 -127.2863
31.358809 78.503 -128.6003
31.586048 78.770 -129.9106
31.814934 79.035 -131.1910
32.045479 79.299 -132.4344
32.277695 79.567 -133.6525
32.511593 79.839 -134.8711
32.747185 80.113 -136.1234
32.984486 80.385 -137.4424
33.223503 80.650 -138.8541
33.464252 80.904 -140.3747
33.706749 81.139 -142.0096
33.951000 81.354 -143.7554
34.197021 81.543 -145.6028
34.444828 81.704 -147.5417
34.694431 81.835 -149.5537
34.945843 81.934 -151.6142
35.199074 81.997 -153.6947
35.454140 82.024 -155.7587
35.711056 82.014 -157.7607
35.969833 81.967 -159.6476
36.230484 81.889 -161.3637
36.493027 81.789 -162.8587
36.757469 81.679 -164.0992
37.023830 81.574 -165.0798
37.292122 81.491 -165.8327
37.562355 81.443 -166.4309
37.834549 81.438 -166.9708
38.108715 81.477 -167.5546
38.384865 81.552 -168.2719
38.663017 81.650 -169.1801
38.943184 81.759 -170.2981
39.225384 81.865 -171.6104
39.509628 81.958 -173.0767
39.795933 82.032 -174.6437
40.084309 82.085 -176.2543
40.374775 82.115 -177.8544
40.667347 82.127 -179.3959
40.962040 82.123 179.1638
41.258869 82.108 177.8566
41.557846 82.089 176.7041
41.858990 82.073 175.7175
42.162315 82.068 174.8942
42.467842 82.082 174.2146
42.775581 82.120 173.6432
43.085552 82.186 173.1309
43.397766 82.281 172.6215
43.712246 82.401 172.0603
44.029003 82.541 171.4013
44.348057 82.692 170.6128
44.669422 82.845 169.6842
44.993114 82.993 168.6160
45.319153 83.129 167.4210
45.647552 83.248 166.1262
45.978333 83.347 164.7663
46.311512 83.427 163.3795
46.647106 83.490 162.0023
46.985130 83.541 160.6644
47.325603 83.587 159.3837
47.668545 83.636 158.1625
48.013969 83.696 156.9854
48.361900 83.772 155.8212
48.712349 83.865 154.6267
49.065338 83.975 153.3582
49.420887 84.094 151.9801
49.779011 84.215 150.4709
50.139729 84.327 148.8309
50.503063 84.422 147.0842
50.869030 84.492 145.2760
51.237648 84.535 143.4650
51.608936 84.551 141.7131
51.982918 84.548 140.0722
52.359608 84.532 138.5737
52.739025 84.515 137.2219
53.121193 84.503 136.0163
53.506130 84.499 134.9169
53.893856 84.502 133.8746
54.284393 84.507 132.8682
54.677761 84.509 131.8968
55.073978 84.502 130.9782
55.473068 84.485 130.1412
55.875050 84.460 129.4153
56.279942 84.430 128.8208
56.687771 84.402 128.3621
57.098553 84.386 128.0238
57.512314 84.388 127.7711
57.929073 84.415 127.5668
58.348850 84.468 127.3468
58.771671 84.549 127.0392
59.197556 84.653 126.5910
59.626526 84.776 125.9645
60.058605 84.911 125.1410
60.493816 85.051 124.1197
60.932178 85.193 122.9138
61.373718 85.331 121.5464
61.818459 85.463 120.0453
62.266422 85.588 118.4415
62.717632 85.702 116.7669
63.172112 85.805 115.0659
63.629883 85.897 113.3656
64.090973 85.977 111.6830
64.555405 86.048 110.0383
65.023201 86.109 108.4433
65.494385 86.163 106.9022
65.968987 86.209 105.4124
66.447021 86.248 103.9664
66.928520 86.281 102.5536
67.413513 86.305 101.1621
67.902016 86.321 99.7804
68.394058 86.328 98.3990
68.889671 86.323 97.0186
69.388878 86.307 95.6397
69.891701 86.278 94.2666
70.398163 86.238 92.9126
70.908295 86.188 91.5931
71.422127 86.132 90.3221
71.939682 86.074 89.1081
72.460983 86.018 87.9506
72.986069 85.966 86.8397
73.514954 85.920 85.7598
74.047676 85.877 84.6970
74.584259 85.835 83.6466
75.124725 85.788 82.6095
75.669113 85.735 81.6069
76.217445 85.675 80.6683
76.769745 85.609 79.8146
77.326050 85.544 79.0577
77.886383 85.483 78.3987
78.450783 85.434 77.8269
79.019272 85.402 77.3210
79.591881 85.393 76.8502
80.168640 85.408 76.3756
80.749573 85.448 75.8546
81.334717 85.511 75.2467
81.924103 85.591 74.5162
82.517761 85.682 73.6436
83.115723 85.774 72.6230
83.718010 85.862 71.4573
84.324669 85.938 70.1576
84.935722 85.995 68.7402
85.551201 86.029 67.2260
86.171143 86.035 65.6391
86.795578 86.010 64.0087
87.424538 85.952 62.3673
88.058052 85.862 60.7499
88.696159 85.741 59.1909
89.338890 85.595 57.7135
89.986275 85.426 56.3443
90.638351 85.243 55.1056
91.295151 85.050 54.0056
91.956711 84.853 53.0428
92.623070 84.659 52.2069
93.294258 84.468 51.4799
93.970306 84.283 50.8405
94.651253 84.102 50.2701
95.337135 83.920 49.7609
96.027985 83.734 49.3219
96.723846 83.538 48.9820
97.424744 83.331 48.7843
98.130722 83.116 48.7884
98.841820 82.896 49.0574
99.558067 82.685 49.6400
100.279503 82.497 50.5560
101.006172 82.350 51.7827
101.738106 82.258 53.2492
102.475342 82.233 54.8438
103.217918 82.279 56.4329
103.965881 82.390 57.8842
104.719261 82.555 59.0885
105.478104 82.757 59.9727
106.242439 82.979 60.4940
107.012314 83.205 60.6580
107.787766 83.424 60.5021
108.568840 83.625 60.0707
109.355576 83.804 59.4118
110.148010 83.957 58.5705
110.946190 84.081 57.5880
111.750153 84.176 56.5048
112.559937 84.240 55.3619
113.375595 84.275 54.1986
114.197159 84.282 53.0488
115.024681 84.264 51.9389
115.858200 84.224 50.8779
116.697754 84.165 49.8853
117.543396 84.087 48.9868
118.395164 83.993 48.2043
119.253105 83.885 47.5640
120.117264 83.767 47.0933
120.987686 83.648 46.8133
121.864410 83.535 46.7317
122.747490 83.439 46.8395
123.636971 83.368 47.1119
124.532898 83.329 47.5130
125.435318 83.328 47.9987
126.344276 83.369 48.5163
127.259819 83.449 49.0075
128.181992 83.567 49.4085
129.110855 83.714 49.6549
130.046448 83.879 49.6941
130.988815 84.051 49.4946
131.938019 84.216 49.0523
132.894089 84.365 48.3886
133.857101 84.489 47.5431
134.827087 84.585 46.5633
135.804108 84.651 45.4974
136.788193 84.687 44.3889
137.779419 84.694 43.2716
138.777832 84.673 42.1783
139.783478 84.625 41.1406
140.796402 84.552 40.1888
141.816666 84.456 39.3571
142.844330 84.337 38.6851
143.879440 84.202 38.2149
144.922043 84.055 37.9871
145.972214 83.907 38.0324
147.029984 83.770 38.3624
148.095428 83.656 38.9605
149.168594 83.578 39.7778
150.249527 83.545 40.7361
151.338303 83.561 41.7346
152.434967 83.624 42.6662
153.539566 83.725 43.4366
154.652176 83.851 43.9805
155.772842 83.988 44.2692
156.901642 84.121 44.3105
158.038620 84.241 44.1396
159.183838 84.340 43.8083
160.337357 84.413 43.3743
161.499222 84.460 42.8949
162.669510 84.482 42.4219
163.848282 84.482 42.0022
165.035599 84.463 41.6727
166.231522 84.431 41.4628
167.436096 84.389 41.3979
168.649414 84.344 41.4967
169.871521 84.303 41.7673
171.102478 84.274 42.2024
172.342361 84.263 42.7767
173.591232 84.275 43.4487
174.849152 84.314 44.1684
176.116180 84.378 44.8884
177.392395 84.465 45.5733
178.677856 84.570 46.2054
179.972626 84.692 46.7737
181.276779 84.826 47.2705
182.590393 84.970 47.6922
183.913513 85.121 48.0355
185.246231 85.275 48.2985
186.588608 85.431 48.4834
187.940704 85.584 48.5977
189.302597 85.734 48.6545
190.674362 85.881 48.6680
192.056061 86.025 48.6494
193.447784 86.167 48.6032
194.849594 86.306 48.5306
196.261551 86.444 48.4249
197.683746 86.577 48.2795
199.116241 86.702 48.0959
200.559113 86.818 47.8839
202.012451 86.924 47.6597
203.476318 87.021 47.4410
204.950790 87.109 47.2420
206.435944 87.193 47.0695
207.931870 87.275 46.9222
209.438629 87.355 46.7928
210.956314 87.436 46.6726
212.484985 87.517 46.5541
214.024734 87.596 46.4359
215.575653 87.674 46.3196
217.137802 87.751 46.2050
218.711273 87.827 46.0880
220.296143 87.901 45.9628
221.892502 87.972 45.8252
223.500427 88.039 45.6751
225.120010 88.101 45.5170
226.751328 88.157 45.3575
228.394455 88.206 45.2043
230.049500 88.247 45.0643
231.716537 88.282 44.9356
233.395645 88.309 44.8263
235.086929 88.330 44.7484
236.790466 88.343 44.7071
238.506348 88.351 44.7074
240.234665 88.353 44.7527
241.975510 88.350 44.8452
243.728958 88.343 44.9861
245.495117 88.332 45.1769
247.274078 88.318 45.4210
249.065933 88.302 45.7221
250.870773 88.284 46.0833
252.688690 88.267 46.4915
254.519775 88.250 46.9482
256.364136 88.235 47.4594
258.221863 88.222 48.0212
260.093048 88.212 48.6316
261.977783 88.204 49.2903
263.876190 88.198 49.9998
265.788361 88.195 50.7638
267.714386 88.195 51.5851
269.654358 88.202 52.4626
271.608398 88.215 53.3885
273.576599 88.238 54.3459
275.559052 88.269 55.3021
277.555878 88.306 56.2386
279.567169 88.347 57.1497
281.593018 88.388 58.0333
283.633545 88.425 58.8999
285.688873 88.455 59.7703
287.759094 88.478 60.6714
289.844330 88.496 61.6309
291.944672 88.512 62.6711
294.060211 88.532 63.8020
296.191101 88.559 65.0174
298.337433 88.600 66.2946
300.499298 88.656 67.6033
302.676849 88.727 68.9044
304.870178 88.809 70.1628
307.079407 88.900 71.3593
309.304626 88.993 72.4890
311.545990 89.086 73.5581
313.803589 89.176 74.5789
316.077545 89.262 75.5638
318.367981 89.343 76.5222
320.675018 89.419 77.4606
322.998749 89.490 78.3825
325.339325 89.555 79.2903
327.696869 89.614 80.1944
330.071503 89.664 81.0972
332.463348 89.706 82.0013
334.872528 89.739 82.9187
337.299164 89.764 83.8617
339.743378 89.781 84.8411
342.205292 89.793 85.8640
344.685059 89.802 86.9325
347.182800 89.808 88.0431
349.698639 89.814 89.1886
352.232697 89.818 90.3603
354.785126 89.822 91.5515
357.356049 89.822 92.7689
359.945587 89.817 94.0127
362.553894 89.808 95.2827
365.181122 89.792 96.5880
367.827362 89.770 97.9388
370.492798 89.742 99.3469
373.177551 89.708 100.8245
375.881744 89.670 102.3824
378.605530 89.631 104.0278
381.349060 89.593 105.7625
384.112488 89.559 107.5826
386.895935 89.531 109.4799
389.699554 89.512 111.4444
392.523468 89.502 113.4594
395.367859 89.502 115.5049
398.232849 89.511 117.5629
401.118622 89.527 119.6201
404.025299 89.547 121.6695
406.953033 89.570 123.7111
409.901978 89.593 125.7495
412.872284 89.615 127.7933
415.864136 89.636 129.8538
418.877655 89.655 131.9420
421.913025 89.675 134.0646
424.970367 89.699 136.2187
428.049866 89.728 138.3936
431.151703 89.762 140.5735
434.276001 89.801 142.7422
437.422943 89.842 144.8881
440.592682 89.883 147.0072
443.785400 89.921 149.1028
447.001251 89.954 151.1847
450.240417 89.981 153.2664
453.503052 90.000 155.3622
456.789307 90.013 157.4849
460.099396 90.021 159.6429
463.433472 90.025 161.8422
466.791687 90.026 164.0847
470.174255 90.026 166.3685
473.581329 90.024 168.6886
477.013092 90.020 171.0372
480.469727 90.015 173.4070
483.951416 90.004 175.7967
487.458313 89.988 178.2136
490.990631 89.963 -179.3284
494.548553 89.932 -176.8137
498.132263 89.894 -174.2307
501.741943 89.852 -171.5729
505.377777 89.809 -168.8351
509.039948 89.765 -166.0174
512.728638 89.723 -163.1240
516.444092 89.685 -160.1601
520.186462 89.651 -157.1320
523.955933 89.623 -154.0464
527.752747 89.601 -150.9118
531.577087 89.585 -147.7377
535.429138 89.577 -144.5341
539.309082 89.573 -141.3083
543.217163 89.574 -138.0632
547.153564 89.578 -134.7988
551.118469 89.585 -131.5153
555.112122 89.595 -128.2105
559.134705 89.607 -124.8816
563.186401 89.622 -121.5300
567.267456 89.639 -118.1581
571.378113 89.658 -114.7683
575.518555 89.678 -111.3614
579.689026 89.698 -107.9357
583.889709 89.717 -104.4873
588.120789 89.736 -101.0103
592.382568 89.754 -97.4982
596.675232 89.773 -93.9449
600.998962 89.792 -90.3528
605.354065 89.813 -86.7199
609.740723 89.838 -83.0454
614.159180 89.866 -79.3355
618.609619 89.899 -75.5985
623.092346 89.936 -71.8429
627.607544 89.976 -68.0743
632.155457 90.018 -64.2933
636.736328 90.062 -60.4973
641.350403 90.107 -56.6843
645.997864 90.156 -52.8558
650.679016 90.207 -49.0182
655.394104 90.262 -45.1877
660.143372 90.318 -41.3717
664.927063 90.374 -37.5712
669.745422 90.429 -33.7877
674.598694 90.480 -30.0187
679.487122 90.526 -26.2584
684.410950 90.566 -22.5006
689.370483 90.599 -18.7389
694.365967 90.624 -14.9675
699.397644 90.640 -11.1801
704.465759 90.647 -7.3686
709.570618 90.642 -3.5212
714.712463 90.625 0.3774
719.891541 90.598 4.3431
725.108154 90.559 8.3907
730.362610 90.513 12.5333
735.655090 90.459 16.7810
740.985962 90.400 21.1415
746.355469 90.339 25.6213
751.763855 90.277 30.2260
757.211426 90.217 34.9598
762.698486 90.162 39.8233
768.225342 90.116 44.8128
773.792236 90.082 49.9184
779.399475 90.063 55.1309
785.047302 90.062 60.4246
790.736084 90.079 65.7673
796.466064 90.116 71.1325
802.237610 90.171 76.4955
808.050964 90.243 81.8340
813.906433 90.330 87.1282
819.804321 90.427 92.3630
825.744934 90.532 97.5280
831.728638 90.641 102.6185
837.755676 90.750 107.6342
843.826416 90.856 112.5789
849.941101 90.956 117.4680
856.100098 91.047 122.3089
862.303772 91.128 127.1067
868.552368 91.194 131.8750
874.846252 91.246 136.6283
881.185730 91.281 141.3831
887.571167 91.298 146.1581
894.002869 91.296 150.9736
900.481201 91.275 155.8520
907.006470 91.237 160.8160
913.579041 91.182 165.8874
920.199219 91.114 171.0866
926.867371 91.034 176.4350
933.583862 90.946 -178.0519
940.348999 90.856 -172.3641
947.163147 90.768 -166.4972
954.026672 90.688 -160.4565
960.939941 90.623 -154.2581
967.903320 90.576 -147.9290
974.917175 90.552 -141.5046
981.981812 90.552 -135.0255
989.097656 90.575 -128.5319
996.265076 90.618 -122.0603
1003.484436 90.676 -115.6395
1010.756104 90.744 -109.3054
1018.080444 90.817 -103.0623
1025.457886 90.887 -96.8969
1032.888794 90.950 -90.7988
1040.373535 91.002 -84.7517
1047.912476 91.038 -78.7345
1055.506104 91.057 -72.7220
1063.154785 91.056 -66.6874
1070.858887 91.035 -60.6019
1078.618774 90.995 -54.4372
1086.434937 90.938 -48.1666
1094.307739 90.866 -41.7673
1102.237549 90.783 -35.2357
1110.224854 90.693 -28.5550
1118.270020 90.601 -21.7087
1126.373413 90.511 -14.6989
1134.535522 90.428 -7.5363
1142.756836 90.357 -0.2383
1151.037720 90.299 7.1730
1159.378662 90.256 14.6742
1167.780029 90.229 22.2427
1176.242188 90.217 29.8567
1184.765747 90.221 37.4962
1193.351074 90.236 45.1439
1201.998535 90.263 52.7813
1210.708740 90.296 60.3983
1219.482056 90.335 67.9904
1228.318970 90.374 75.5530
1237.219849 90.410 83.0870
1246.185303 90.440 90.5985
1255.215698 90.460 98.0989
1264.311523 90.468 105.6053
1273.473267 90.461 113.1379
1282.701416 90.440 120.7187
1291.996460 90.405 128.3687
1301.358765 90.356 136.1078
1310.788940 90.296 143.9567
1320.287476 90.227 151.9267
1329.854858 90.154 160.0226
1339.491577 90.079 168.2462
1349.198120 90.006 176.5934
1358.974976 89.938 -174.9462
1368.822632 89.879 -166.3881
1378.741699 89.829 -157.7517
1388.732666 89.789 -149.0594
1398.796021 89.759 -140.3337
1408.932251 89.736 -131.5951
1419.141968 89.717 -122.8586
1429.425659 89.697 -114.1180
1439.783813 89.672 -105.3764
1450.217041 89.636 -96.6359
1460.725952 89.587 -87.8792
1471.311035 89.520 -79.0828
1481.972778 89.434 -70.2191
1492.711792 89.326 -61.2578
1503.528564 89.199 -52.1682
1514.423706 89.052 -42.9214
1525.397827 88.889 -33.4911
1536.451538 88.713 -23.8547
1547.585327 88.528 -13.9949
1558.799805 88.339 -3.8914
1570.095459 88.152 6.4594
1581.473022 87.972 17.0508
1592.932983 87.805 27.8738
1604.476074 87.658 38.9100
1616.102783 87.535 50.1310
1627.813721 87.440 61.4987
1639.609497 87.376 72.9689
1651.490723 87.341 84.4962
1663.458130 87.333 96.0396
1675.512207 87.347 107.5673
1687.653687 87.377 119.0599
1699.883179 87.417 130.5122
1712.201294 87.460 141.9314
1724.608643 87.502 153.3359
1737.105835 87.539 164.7522
1749.693604 87.570 176.2112
1762.372559 87.594 -172.2563
1775.143433 87.616 -160.6240
1788.006836 87.638 -148.8754
1800.963501 87.666 -137.0088
1814.014038 87.705 -125.0386
1827.159180 87.758 -112.9928
1840.399536 87.825 -100.9080
1853.735840 87.902 -88.8278
1867.168823 87.984 -76.7759
1880.699097 88.064 -64.7554
1894.327393 88.134 -52.7572
1908.054443 88.189 -40.7545
1921.880981 88.224 -28.7075
1935.807739 88.238 -16.5697
1949.835449 88.235 -4.2961
1963.964722 88.220 8.1494
1978.196411 88.199 20.7864
1992.531250 88.181 33.6133
2006.969971 88.173 46.6083
2021.513306 88.179 59.7196
2036.161987 88.199 72.9062
2050.916748 88.230 86.1370
2065.778564 88.264 99.3868
2080.748047 88.296 112.6519
2095.825928 88.316 125.9486
2111.013184 88.322 139.3110
2126.310547 88.311 152.7814
2141.718750 88.284 166.4000
2157.238525 88.246 -179.8013
2172.870850 88.203 -165.8085
2188.616455 88.162 -151.6274
2204.476074 88.129 -137.2892
2220.450684 88.103 -122.8264
2236.541016 88.086 -108.2677
2252.747803 88.070 -93.6310
2269.072021 88.052 -78.9170
2285.514648 88.027 -64.1067
2302.076416 87.991 -49.1693
2318.758301 87.946 -34.0713
2335.561035 87.895 -18.7838
2352.485352 87.843 -3.2932
2369.532471 87.796 12.3981
2386.703125 87.757 28.2716
2403.998047 87.728 44.3068
2421.418457 87.710 60.4731
2438.965088 87.697 76.7466
2456.638916 87.684 93.1250
2474.440674 87.666 109.6268
2492.371582 87.640 126.2893
2510.432373 87.606 143.1550
2528.624023 87.568 160.2610
2546.947510 87.532 177.6233
2565.403809 87.507 -164.7695
2583.993896 87.498 -146.9554
2602.718506 87.507 -128.9847
2621.578857 87.533 -110.8890
2640.575928 87.569 -92.6962
2659.710693 87.613 -74.4122
2678.984131 87.661 -56.0146
2698.397217 87.714 -37.4760
2717.950928 87.774 -18.7811
2737.646240 87.847 0.0632
2757.484375 87.934 19.0288
2777.466309 88.035 38.0752
2797.593018 88.145 57.1669
2817.865479 88.258 76.2874
2838.284912 88.368 95.4465
2858.852295 88.472 114.6802
2879.568604 88.569 134.0181
2900.435059 88.663 153.4761
2921.452881 88.757 173.0605
2942.623047 88.852 -167.2390
2963.946533 88.948 -147.4424
2985.424561 89.042 -127.5647
3007.058105 89.128 -107.6099
3028.848389 89.203 -87.5645
3050.796631 89.262 -67.3987
3072.904053 89.305 -47.0789
3095.171631 89.333 -26.5754
3117.600586 89.352 -5.8718
3140.191895 89.363 15.0347
3162.947021 89.370 36.1375
3185.866943 89.372 57.4270
3208.953125 89.368 78.9016
3232.206543 89.355 100.5723
3255.628418 89.333 122.4607
3279.219971 89.305 144.5874
3302.982666 89.274 166.9641
3326.917480 89.245 -170.4175
3351.025635 89.221 -147.5742
3375.308594 89.200 -124.5261
3399.767578 89.182 -101.2922
3424.403809 89.165 -77.8679
3449.218506 89.147 -54.2356
3474.212891 89.130 -30.3843
3499.388428 89.116 -6.3125
3524.746338 89.107 17.9666
3550.288086 89.104 42.4338
3576.014893 89.105 67.0720
3601.928223 89.107 91.8767
3628.029297 89.109 116.8562
3654.319580 89.111 142.0222
3680.800293 89.114 167.3816
3707.472900 89.119 -167.0652
3734.338867 89.126 -141.3286
3761.399414 89.133 -115.4197
3788.656006 89.140 -89.3369
3816.110107 89.142 -63.0686
3843.763184 89.142 -36.5994
3871.616699 89.140 -9.9182
3899.672119 89.139 16.9758
3927.930664 89.138 44.0745
3956.394043 89.138 71.3682
3985.063721 89.137 98.8535
4013.941162 89.134 126.5359
4043.027832 89.128 154.4331
4072.325195 89.119 -177.4509
4101.834961 89.108 -149.1211
4131.558594 89.094 -120.5823
4161.497559 89.077 -91.8340
4191.653320 89.055 -62.8684
4222.027832 89.027 -33.6694
4252.622559 88.995 -4.2236
4283.438965 88.960 25.4731
4314.478516 88.924 55.4167
4345.743164 88.888 85.6035
4377.234375 88.852 116.0332
4408.953613 88.815 146.7075
4440.902832 88.780 177.6287
4473.083496 88.747 -151.2087
4505.497070 88.717 -119.8142
4538.145996 88.689 -88.1987
4571.031250 88.663 -56.3665
4604.154785 88.636 -24.3159
4637.518555 88.610 7.9546
4671.124023 88.582 40.4441
4704.973145 88.553 73.1494
4739.067383 88.519 106.0703
4773.408691 88.480 139.2134
4807.998535 88.434 172.5972
4842.839355 88.378 -153.7661
4877.932617 88.314 -119.8662
4913.280273 88.238 -85.6877
4948.883789 88.152 -51.2109
4984.745605 88.057 -16.4136
5020.867188 87.953 18.7256
5057.250488 87.845 54.2178
5093.897461 87.737 90.0635
5130.810059 87.630 126.2617
5167.990234 87.529 162.8032
5205.439453 87.436 -160.3208
5243.160156 87.352 -123.1030
5281.154297 87.277 -85.5659
5319.423828 87.213 -47.7388
5357.970703 87.158 -9.6299
5396.796875 87.112 28.7524
5435.904297 87.074 67.3984
5475.294922 87.042 106.3018
5514.971191 87.016 145.4590
5554.935059 86.993 -175.1265
5595.188477 86.972 -135.4492
5635.733398 86.953 -95.5024
5676.572266 86.935 -55.2812
5717.707031 86.919 -14.7646
5759.140137 86.903 26.0493
5800.873047 86.888 67.1494
5842.908691 86.872 108.5400
5885.249023 86.856 150.2251
5927.895996 86.839 -167.7949
5970.852051 86.822 -125.5142
6014.119141 86.804 -82.9336
6057.699707 86.787 -40.0605
6101.596191 86.769 3.1030
6145.811035 86.750 46.5552
6190.346191 86.727 90.2925
6235.204102 86.698 134.3335
6280.386719 86.661 178.6846
6325.896973 86.614 -136.6411
6371.736816 86.557 -91.6187
6417.909180 86.487 -46.2261
6464.416016 86.407 -0.4390
6511.259766 86.316 45.7656
6558.442871 86.218 92.4126
6605.968262 86.113 139.5249
6653.837891 86.005 -172.8789
6702.054199 85.899 -124.7793
6750.620117 85.798 -76.1636
6799.538086 85.709 -27.0234
6848.810547 85.637 22.6304
6898.439941 85.589 72.7778
6948.428711 85.569 123.3848
6998.779785 85.580 174.4062
7049.495605 85.626 -134.2119
7100.579102 85.705 -82.5308
7152.032715 85.813 -30.6030
7203.859375 85.947 21.5215
7256.061523 86.098 73.8105
7308.642090 86.261 126.2466
7361.603516 86.428 178.8213
7414.948730 86.591 -128.4434
7468.680664 86.744 -75.5361
7522.801758 86.880 -22.4399
7577.314941 86.995 30.8765
7632.223145 87.084 84.4531
7687.529297 87.143 138.3335
7743.236328 87.172 -167.4331
7799.347168 87.170 -112.8013
7855.864258 87.137 -57.7236
7912.791016 87.077 -2.1558
7970.130371 86.993 53.9424
8027.885254 86.890 110.6016
8086.058594 86.774 167.8794
8144.653320 86.651 -134.2217
8203.672852 86.529 -75.7280
8263.120117 86.413 -16.6572
8322.998047 86.310 42.9629
8383.309570 86.224 103.0942
8444.058594 86.156 163.6963
8505.248047 86.107 -135.2734
8566.880859 86.075 -73.8486
8628.959961 86.055 -12.0601
8691.489258 86.046 50.0840
8754.471680 86.042 112.5806
8817.910156 86.039 175.4731
8881.808594 86.036 -121.2397
8946.169922 86.028 -57.5786
9010.997070 86.015 6.4712
9076.294922 85.993 70.9238
9142.065430 85.962 135.7988
9208.312500 85.921 -158.8916
9275.040039 85.870 -93.1309
9342.250977 85.808 -26.9082
9409.949219 85.736 39.7930
9478.137695 85.653 106.9844
9546.820312 85.561 174.6758
9616.000977 85.458 -117.0859
9685.682617 85.346 -48.3008
9755.869141 85.224 21.0244
9826.564453 85.094 90.9053
9897.771484 84.957 161.3555
9969.495117 84.812 -127.6123
10041.738281 84.662 -55.9854
10114.504883 84.508 16.2568
10187.798828 84.353 89.1250
10261.624023 84.199 162.6279
10335.984375 84.049 -123.2266
10410.882812 83.907 -48.4395
10486.324219 83.777 26.9854
10562.312500 83.662 103.0312
10638.851562 83.564 179.6816
10715.945312 83.485 -103.0879
10793.597656 83.427 -25.3066
10871.812500 83.387 52.9912
10950.593750 83.364 131.7871
11029.946289 83.355 -148.9453
11109.874023 83.355 -69.2148
11190.380859 83.359 10.9805
11271.470703 83.362 91.6484
11353.148438 83.359 172.8135
11435.417969 83.348 -105.4883
11518.284180 83.326 -23.2168
11601.750000 83.293 59.6631
11685.821289 83.251 143.1963
11770.501953 83.201 -132.5859
11855.795898 83.148 -47.6572
11941.708008 83.097 38.0000
12028.242188 83.053 124.3809
12115.403320 83.021 -148.5234
12203.196289 83.002 -60.7412
12291.625977 83.001 27.7012
12380.696289 83.015 116.7637
12470.412109 83.045 -153.6035
12560.778320 83.085 -63.4199
12651.798828 83.132 27.3057
12743.478516 83.180 118.5723
12835.823242 83.225 -149.6094
12928.836914 83.262 -57.2178
13022.524414 83.290 35.7705
13116.890625 83.306 129.3867
13211.941406 83.311 -136.3447
13307.680664 83.303 -41.3984
13404.113281 83.286 54.2451
13501.245117 83.259 150.5977
13599.081055 83.223 -112.3320
13697.625977 83.181 -14.5381
13796.884766 83.133 83.9844
13896.862305 83.078 -176.7617
13997.564453 83.019 -76.7705
14098.996094 82.956 23.9590
14201.163086 82.889 125.4277
14304.070312 82.819 -132.3643
14407.723633 82.746 -29.4219
14512.127930 82.671 74.2520
14617.289062 82.591 178.6582
14723.211914 82.507 -76.2031
14829.902344 82.417 29.6895
14937.366211 82.320 136.3418
15045.608398 82.218 -116.2393
15154.634766 82.110 -8.0459
15264.451172 81.998 100.9307
15375.063477 81.883 -149.3086
15486.477539 81.766 -38.7627
15598.699219 81.646 72.5693
15711.733398 81.524 -175.3125
15825.586914 81.398 -62.3965
15940.265625 81.268 51.3291
16055.775391 81.133 165.8867
16172.122070 80.995 -78.6846
16289.311523 80.855 37.6250
16407.351562 80.713 154.8154
16526.246094 80.573 -87.1172
16646.001953 80.433 31.8311
16766.625000 80.296 151.6660
16888.123047 80.160 -87.6113
17010.501953 80.024 34.0117
17133.767578 79.886 156.5508
17257.925781 79.748 -79.9746
17382.984375 79.608 44.4648
17508.949219 79.469 169.8906
17635.826172 79.332 -63.6582
17763.623047 79.200 63.8223
17892.345703 79.076 -167.6953
18022.001953 78.962 -38.2188
18152.597656 78.859 92.2266
18284.138672 78.766 -136.3711
18416.632812 78.682 -4.0449
18550.087891 78.606 129.1973
18684.509766 78.534 -96.6582
18819.906250 78.463 38.3848
18956.283203 78.389 174.3340
19093.648438 78.309 -48.7949
19232.009766 78.221 88.7969
19371.373047 78.122 -132.8066
19511.746094 78.014 6.6035
19653.136719 77.899 147.0352
19795.550781 77.779 -71.5078
19938.998047 77.656 70.9746
20083.484375 77.531 -145.5469
20229.017578 77.406 -1.0977
20375.605469 77.279 144.3105
20523.255859 77.149 -69.3457
20671.976562 77.014 77.9355
20821.773438 76.873 -133.8340
20972.656250 76.727 15.3496
21124.632812 76.579 165.5039
21277.710938 76.433 -43.3613
21431.898438 76.295 108.7559
21587.203125 76.172 -98.1387
21743.632812 76.071 55.9395
21901.195312 76.000 -149.0000
22059.900391 0.000 6.9430
