* Measurement data measured by REW V5.30
* Source: EXCL: Microphone (2- UMM-6), MICROPHONE (Master Volume), R, volume: 0.320. Timing signal peak level -58.2 dBFS, measurement signal peak level -43.5 dBFS
* Format: 128k Log Swept Sine, 1 sweep at -12.0 dBFS using an acoustic timing reference
* Dated: Aug 17, 2026 6:47:12 PM
* REW Settings:
*  C-weighting compensation: Off
*  Target level: 75.0 dB
* Note: ; Delay -2.7740 ms (-951 mm, -(3 ft 1.46 in)) using estimated IR delay relative to Acoustic reference played from SPEAKER R with no timing offset Clock adjustment: -18.4 ppm
* Measurement: MID (1.9) LW+ TW (1.8k) LR
* Smoothing: 1/6 octave
* Frequency Step: 96 ppo
* Start Frequency: 30.029297 Hz
*
* Freq(Hz) SPL(dB) Phase(degrees)
30.029297 78.555 -117.0153
30.246902 78.643 -117.6192
30.466084 78.757 -118.4828
30.686853 78.890 -119.5543
30.909224 79.036 -120.7783
31.133205 79.193 -122.1010
31.358809 79.357 -123.4753
31.586048 79.528 -124.8657
31.814934 79.708 -126.2504
32.045479 79.897 -127.6224
32.277695 80.097 -128.9877
32.511593 80.305 -130.3620
32.747185 80.521 -131.7661
32.984486 80.738 -133.2209
33.223503 80.954 -134.7436
33.464252 81.161 -136.3452
33.706749 81.356 -138.0300
33.951000 81.533 -139.7957
34.197021 81.689 -141.6351
34.444828 81.820 -143.5406
34.694431 81.923 -145.4957
34.945843 81.995 -147.4783
35.199074 82.035 -149.4645
35.454140 82.042 -151.4253
35.711056 82.016 -153.3272
35.969833 81.960 -155.1339
36.230484 81.879 -156.8100
36.493027 81.779 -158.3277
36.757469 81.673 -159.6731
37.023830 81.572 -160.8533
37.292122 81.490 -161.9002
37.562355 81.435 -162.8725
37.834549 81.415 -163.8387
38.108715 81.428 -164.8670
38.384865 81.471 -166.0142
38.663017 81.534 -167.3128
38.943184 81.607 -168.7668
39.225384 81.681 -170.3547
39.509628 81.751 -172.0374
39.795933 81.811 -173.7667
40.084309 81.862 -175.4941
40.374775 81.905 -177.1763
40.667347 81.942 -178.7773
40.962040 81.975 179.7333
41.258869 82.006 178.3780
41.557846 82.036 177.1755
41.858990 82.068 176.1433
42.162315 82.104 175.2958
42.467842 82.148 174.6402
42.775581 82.206 174.1721
43.085552 82.282 173.8698
43.397766 82.381 173.6918
43.712246 82.504 173.5783
44.029003 82.650 173.4575
44.348057 82.813 173.2570
44.669422 82.987 172.9201
44.993114 83.159 172.4067
45.319153 83.321 171.7011
45.647552 83.465 170.8164
45.978333 83.586 169.7850
46.311512 83.684 168.6493
46.647106 83.762 167.4522
46.985130 83.828 166.2279
47.325603 83.891 164.9956
47.668545 83.960 163.7570
48.013969 84.042 162.4972
48.361900 84.142 161.1896
48.712349 84.262 159.8008
49.065338 84.397 158.3027
49.420887 84.541 156.6787
49.779011 84.685 154.9272
50.139729 84.818 153.0653
50.503063 84.933 151.1292
50.869030 85.022 149.1687
51.237648 85.084 147.2406
51.608936 85.120 145.3983
51.982918 85.135 143.6826
52.359608 85.134 142.1141
52.739025 85.126 140.6906
53.121193 85.115 139.4101
53.506130 85.103 138.2350
53.893856 85.090 137.1183
54.284393 85.072 136.0373
54.677761 85.045 134.9847
55.073978 85.005 133.9697
55.473068 84.951 133.0133
55.875050 84.885 132.1424
56.279942 84.810 131.3821
56.687771 84.736 130.7489
57.098553 84.669 130.2455
57.512314 84.621 129.8579
57.929073 84.599 129.5701
58.348850 84.610 129.3358
58.771671 84.656 129.0953
59.197556 84.736 128.7999
59.626526 84.846 128.4081
60.058605 84.980 127.8907
60.493816 85.129 127.2316
60.932178 85.286 126.4277
61.373718 85.444 125.4849
61.818459 85.599 124.4149
62.266422 85.744 123.2328
62.717632 85.877 121.9553
63.172112 85.996 120.6124
63.629883 86.099 119.2195
64.090973 86.186 117.7858
64.555405 86.258 116.3277
65.023201 86.316 114.8586
65.494385 86.363 113.3882
65.968987 86.400 111.9223
66.447021 86.429 110.4644
66.928520 86.452 109.0157
67.413513 86.468 107.5767
67.902016 86.478 106.1477
68.394058 86.480 104.7299
68.889671 86.475 103.3324
69.388878 86.460 101.9614
69.891701 86.435 100.6237
70.398163 86.401 99.3315
70.908295 86.358 98.0959
71.422127 86.309 96.9244
71.939682 86.259 95.8172
72.460983 86.210 94.7657
72.986069 86.164 93.7522
73.514954 86.124 92.7556
74.047676 86.086 91.7589
74.584259 86.049 90.7572
75.124725 86.008 89.7536
75.669113 85.961 88.7730
76.217445 85.911 87.8485
76.769745 85.859 87.0035
77.326050 85.810 86.2529
77.886383 85.768 85.6000
78.450783 85.740 85.0378
79.019272 85.728 84.5490
79.591881 85.738 84.1070
80.168640 85.770 83.6758
80.749573 85.824 83.2127
81.334717 85.898 82.6738
81.924103 85.987 82.0178
82.517761 86.083 81.2184
83.115723 86.178 80.2644
83.718010 86.266 79.1555
84.324669 86.340 77.9017
84.935722 86.395 76.5204
85.551201 86.426 75.0338
86.171143 86.430 73.4684
86.795578 86.405 71.8545
87.424538 86.350 70.2262
88.058052 86.267 68.6191
88.696159 86.158 67.0676
89.338890 86.027 65.5957
89.986275 85.879 64.2310
90.638351 85.720 62.9980
91.295151 85.556 61.9073
91.956711 85.392 60.9595
92.623070 85.233 60.1458
93.294258 85.080 59.4483
93.970306 84.933 58.8444
94.651253 84.791 58.3127
95.337135 84.648 57.8418
96.027985 84.498 57.4373
96.723846 84.337 57.1254
97.424744 84.162 56.9480
98.130722 83.975 56.9638
98.841820 83.782 57.2364
99.558067 83.593 57.8152
100.279503 83.426 58.7212
101.006172 83.296 59.9325
101.738106 83.221 61.3788
102.475342 83.211 62.9488
103.217918 83.269 64.5086
103.965881 83.390 65.9264
104.719261 83.561 67.0940
105.478104 83.767 67.9403
106.242439 83.991 68.4257
107.012314 84.216 68.5596
107.787766 84.433 68.3826
108.568840 84.632 67.9415
109.355576 84.810 67.2849
110.148010 84.964 66.4567
110.946190 85.093 65.4957
111.750153 85.197 64.4390
112.559937 85.275 63.3233
113.375595 85.328 62.1837
114.197159 85.359 61.0499
115.024681 85.369 59.9450
115.858200 85.361 58.8749
116.697754 85.336 57.8576
117.543396 85.294 56.9190
118.395164 85.237 56.0823
119.253105 85.165 55.3759
120.117264 85.082 54.8288
120.987686 84.995 54.4622
121.864410 84.910 54.2826
122.747490 84.838 54.2780
123.636971 84.784 54.4203
124.532898 84.756 54.6711
125.435318 84.758 54.9875
126.344276 84.792 55.3229
127.259819 84.859 55.6300
128.181992 84.957 55.8600
129.110855 85.079 55.9639
130.046448 85.220 55.9005
130.988815 85.368 55.6445
131.938019 85.514 55.1903
132.894089 85.650 54.5528
133.857101 85.767 53.7611
134.827087 85.863 52.8519
135.804108 85.934 51.8635
136.788193 85.980 50.8318
137.779419 86.001 49.7864
138.777832 85.997 48.7577
139.783478 85.967 47.7773
140.796402 85.913 46.8768
141.816666 85.835 46.0929
142.844330 85.734 45.4684
143.879440 85.614 45.0492
144.922043 85.484 44.8803
145.972214 85.351 44.9970
147.029984 85.230 45.4154
148.095428 85.134 46.1231
149.168594 85.077 47.0731
150.249527 85.069 48.1853
151.338303 85.114 49.3524
152.434967 85.211 50.4568
153.539566 85.351 51.3918
154.652176 85.520 52.0805
155.772842 85.702 52.4864
156.901642 85.883 52.6127
158.038620 86.051 52.4942
159.183838 86.198 52.1850
160.337357 86.320 51.7474
161.499222 86.414 51.2435
162.669510 86.483 50.7298
163.848282 86.528 50.2561
165.035599 86.555 49.8607
166.231522 86.568 49.5722
167.436096 86.573 49.4140
168.649414 86.576 49.4014
169.871521 86.586 49.5388
171.102478 86.610 49.8161
172.342361 86.654 50.2063
173.591232 86.722 50.6682
174.849152 86.816 51.1537
176.116180 86.934 51.6182
177.392395 87.072 52.0290
178.677856 87.226 52.3706
179.972626 87.393 52.6331
181.276779 87.568 52.8094
182.590393 87.751 52.8966
183.913513 87.936 52.8929
185.246231 88.122 52.7980
186.588608 88.305 52.6166
187.940704 88.483 52.3588
189.302597 88.655 52.0396
190.674362 88.819 51.6747
192.056061 88.978 51.2753
193.447784 89.131 50.8460
194.849594 89.279 50.3871
196.261551 89.422 49.8918
197.683746 89.558 49.3539
199.116241 89.683 48.7763
200.559113 89.796 48.1709
202.012451 89.896 47.5561
203.476318 89.985 46.9525
204.950790 90.063 46.3773
206.435944 90.134 45.8405
207.931870 90.202 45.3436
209.438629 90.267 44.8813
210.956314 90.332 44.4454
212.484985 90.397 44.0271
214.024734 90.461 43.6223
215.575653 90.524 43.2293
217.137802 90.586 42.8447
218.711273 90.647 42.4623
220.296143 90.706 42.0751
221.892502 90.762 41.6782
223.500427 90.813 41.2717
225.120010 90.858 40.8603
226.751328 90.895 40.4513
228.394455 90.923 40.0531
230.049500 90.943 39.6738
231.716537 90.955 39.3121
233.395645 90.959 38.9767
235.086929 90.956 38.6797
236.790466 90.947 38.4257
238.506348 90.932 38.2183
240.234665 90.912 38.0591
241.975510 90.889 37.9474
243.728958 90.862 37.8813
245.495117 90.831 37.8600
247.274078 90.798 37.8850
249.065933 90.760 37.9601
250.870773 90.720 38.0894
252.688690 90.678 38.2627
254.519775 90.634 38.4843
256.364136 90.590 38.7627
258.221863 90.546 39.0950
260.093048 90.503 39.4783
261.977783 90.461 39.9110
263.876190 90.421 40.3927
265.788361 90.381 40.9252
267.714386 90.344 41.5107
269.654358 90.309 42.1501
271.608398 90.279 42.8394
273.576599 90.255 43.5679
275.559052 90.236 44.3097
277.555878 90.222 45.0524
279.567169 90.209 45.7934
281.593018 90.195 46.5315
283.633545 90.177 47.2752
285.688873 90.152 48.0427
287.759094 90.119 48.8580
289.844330 90.078 49.7479
291.944672 90.034 50.7356
294.060211 89.991 51.8344
296.191101 89.954 53.0429
298.337433 89.929 54.3431
300.499298 89.920 55.7081
302.676849 89.927 57.0998
304.870178 89.949 58.4814
307.079407 89.984 59.8292
309.304626 90.026 61.1326
311.545990 90.074 62.3917
313.803589 90.124 63.6130
316.077545 90.175 64.8040
318.367981 90.225 65.9706
320.675018 90.275 67.1168
322.998749 90.322 68.2453
325.339325 90.367 69.3587
327.696869 90.408 70.4682
330.071503 90.444 71.5772
332.463348 90.474 72.6890
334.872528 90.498 73.8145
337.299164 90.518 74.9641
339.743378 90.535 76.1445
342.205292 90.550 77.3574
344.685059 90.566 78.5982
347.182800 90.585 79.8571
349.698639 90.605 81.1211
352.232697 90.626 82.3784
354.785126 90.646 83.6209
357.356049 90.662 84.8573
359.945587 90.671 86.0915
362.553894 90.672 87.3288
365.181122 90.665 88.5836
367.827362 90.647 89.8709
370.492798 90.621 91.2053
373.177551 90.587 92.6001
375.881744 90.546 94.0659
378.605530 90.502 95.6095
381.349060 90.455 97.2328
384.112488 90.410 98.9341
386.895935 90.366 100.7088
389.699554 90.327 102.5516
392.523468 90.294 104.4518
395.367859 90.268 106.3946
398.232849 90.248 108.3664
401.118622 90.234 110.3555
404.025299 90.223 112.3547
406.953033 90.215 114.3615
409.901978 90.208 116.3777
412.872284 90.199 118.4102
415.864136 90.188 120.4690
418.877655 90.177 122.5660
421.913025 90.165 124.7092
424.970367 90.155 126.8981
428.049866 90.150 129.1238
431.151703 90.151 131.3715
434.276001 90.155 133.6249
437.422943 90.163 135.8717
440.592682 90.171 138.1072
443.785400 90.176 140.3349
447.001251 90.178 142.5652
450.240417 90.174 144.8121
453.503052 90.166 147.0898
456.789307 90.153 149.4103
460.099396 90.138 151.7808
463.433472 90.123 154.2053
466.791687 90.108 156.6832
470.174255 90.096 159.2091
473.581329 90.088 161.7740
477.013092 90.082 164.3658
480.469727 90.078 166.9733
483.951416 90.073 169.5923
487.458313 90.066 172.2273
490.990631 90.055 174.8901
494.548553 90.041 177.5931
498.132263 90.024 -179.6556
501.741943 90.007 -176.8538
505.377777 89.990 -174.0009
509.039948 89.976 -171.1015
512.728638 89.964 -168.1640
516.444092 89.956 -165.1960
520.186462 89.951 -162.2049
523.955933 89.949 -159.1964
527.752747 89.949 -156.1754
531.577087 89.951 -153.1460
535.429138 89.953 -150.1109
539.309082 89.953 -147.0688
543.217163 89.949 -144.0131
547.153564 89.941 -140.9329
551.118469 89.929 -137.8178
555.112122 89.911 -134.6544
559.134705 89.891 -131.4310
563.186401 89.869 -128.1415
567.267456 89.846 -124.7844
571.378113 89.825 -121.3611
575.518555 89.806 -117.8745
579.689026 89.791 -114.3278
583.889709 89.779 -110.7237
588.120789 89.772 -107.0643
592.382568 89.770 -103.3506
596.675232 89.773 -99.5840
600.998962 89.784 -95.7734
605.354065 89.802 -91.9234
609.740723 89.828 -88.0384
614.159180 89.864 -84.1294
618.609619 89.907 -80.2093
623.092346 89.958 -76.2907
627.607544 90.016 -72.3832
632.155457 90.077 -68.4907
636.736328 90.142 -64.6127
641.350403 90.209 -60.7477
645.997864 90.279 -56.8975
650.679016 90.350 -53.0673
655.394104 90.421 -49.2707
660.143372 90.491 -45.5114
664.927063 90.556 -41.7849
669.745422 90.615 -38.0859
674.598694 90.666 -34.4044
679.487122 90.706 -30.7278
684.410950 90.736 -27.0428
689.370483 90.756 -23.3377
694.365967 90.764 -19.6024
699.397644 90.762 -15.8277
704.465759 90.750 -12.0039
709.570618 90.726 -8.1194
714.712463 90.692 -4.1600
719.891541 90.649 -0.1121
725.108154 90.599 4.0354
730.362610 90.543 8.2900
735.655090 90.484 12.6556
740.985962 90.424 17.1334
746.355469 90.365 21.7240
751.763855 90.308 26.4279
757.211426 90.256 31.2453
762.698486 90.210 36.1749
768.225342 90.174 41.2118
773.792236 90.150 46.3473
779.399475 90.139 51.5745
785.047302 90.145 56.8716
790.736084 90.167 62.2114
796.466064 90.206 67.5724
802.237610 90.263 72.9343
808.050964 90.334 78.2776
813.906433 90.420 83.5835
819.804321 90.516 88.8362
825.744934 90.620 94.0240
831.728638 90.728 99.1399
837.755676 90.837 104.1812
843.826416 90.944 109.1490
849.941101 91.045 114.0571
856.100098 91.136 118.9121
862.303772 91.216 123.7201
868.552368 91.282 128.4966
874.846252 91.332 133.2586
881.185730 91.364 138.0251
887.571167 91.378 142.8161
894.002869 91.374 147.6532
900.481201 91.351 152.5587
907.006470 91.310 157.5550
913.579041 91.254 162.6630
920.199219 91.185 167.9014
926.867371 91.106 173.2889
933.583862 91.021 178.8391
940.348999 90.933 -175.4395
947.163147 90.849 -169.5432
954.026672 90.773 -163.4779
960.939941 90.712 -157.2595
967.903320 90.669 -150.9143
974.917175 90.649 -144.4763
981.981812 90.652 -137.9847
989.097656 90.677 -131.4779
996.265076 90.723 -124.9921
1003.484436 90.784 -118.5563
1010.756104 90.855 -112.2068
1018.080444 90.930 -105.9486
1025.457886 91.003 -99.7683
1032.888794 91.069 -93.6560
1040.373535 91.123 -87.5952
1047.912476 91.162 -81.5648
1055.506104 91.183 -75.5395
1063.154785 91.186 -69.4924
1070.858887 91.169 -63.3955
1078.618774 91.133 -57.2216
1086.434937 91.081 -50.9453
1094.307739 91.014 -44.5450
1102.237549 90.936 -38.0177
1110.224854 90.851 -31.3470
1118.270020 90.763 -24.5151
1126.373413 90.677 -17.5224
1134.535522 90.598 -10.3767
1142.756836 90.528 -3.0928
1151.037720 90.472 4.3098
1159.378662 90.432 11.8085
1167.780029 90.407 19.3804
1176.242188 90.400 27.0022
1184.765747 90.408 34.6514
1193.351074 90.430 42.3071
1201.998535 90.463 49.9476
1210.708740 90.505 57.5603
1219.482056 90.551 65.1392
1228.318970 90.598 72.6797
1237.219849 90.641 80.1838
1246.185303 90.677 87.6603
1255.215698 90.701 95.1232
1264.311523 90.712 102.5929
1273.473267 90.708 110.0922
1282.701416 90.689 117.6447
1291.996460 90.655 125.2725
1301.358765 90.608 132.9947
1310.788940 90.551 140.8301
1320.287476 90.487 148.7869
1329.854858 90.419 156.8667
1339.491577 90.351 165.0681
1349.198120 90.285 173.3846
1358.974976 90.225 -178.1946
1368.822632 90.173 -169.6840
1378.741699 90.129 -161.1006
1388.732666 90.094 -152.4627
1398.796021 90.068 -143.7888
1408.932251 90.047 -135.0950
1419.141968 90.031 -126.3944
1429.425659 90.014 -117.6800
1439.783813 89.994 -108.9571
1450.217041 89.965 -100.2315
1460.725952 89.925 -91.4913
1471.311035 89.869 -82.7180
1481.972778 89.795 -73.8882
1492.711792 89.701 -64.9747
1503.528564 89.588 -55.9481
1514.423706 89.455 -46.7794
1525.397827 89.305 -37.4405
1536.451538 89.140 -27.9070
1547.585327 88.965 -18.1586
1558.799805 88.784 -8.1724
1570.095459 88.603 2.0582
1581.473022 88.427 12.5289
1592.932983 88.263 23.2325
1604.476074 88.118 34.1517
1616.102783 87.995 45.2577
1627.813721 87.901 56.5117
1639.609497 87.836 67.8682
1651.490723 87.801 79.2803
1663.458130 87.792 90.7065
1675.512207 87.804 102.1152
1687.653687 87.831 113.4883
1699.883179 87.866 124.8237
1712.201294 87.903 136.1311
1724.608643 87.937 147.4324
1737.105835 87.966 158.7554
1749.693604 87.988 170.1311
1762.372559 88.005 -178.4099
1775.143433 88.018 -166.8425
1788.006836 88.033 -155.1519
1800.963501 88.055 -143.3369
1814.014038 88.088 -131.4128
1827.159180 88.135 -119.4089
1840.399536 88.197 -107.3627
1853.735840 88.270 -95.3191
1867.168823 88.349 -83.3030
1880.699097 88.426 -71.3185
1894.327393 88.493 -59.3567
1908.054443 88.545 -47.3911
1921.880981 88.578 -35.3812
1935.807739 88.590 -23.2808
1949.835449 88.584 -11.0448
1963.964722 88.566 1.3621
1978.196411 88.544 13.9587
1992.531250 88.524 26.7435
2006.969971 88.514 39.6948
2021.513306 88.518 52.7622
2036.161987 88.535 65.9060
2050.916748 88.563 79.0956
2065.778564 88.595 92.3069
2080.748047 88.623 105.5358
2095.825928 88.641 118.7986
2111.013184 88.643 132.1293
2126.310547 88.628 145.5698
2141.718750 88.596 159.1609
2157.238525 88.554 172.9331
2172.870850 88.507 -173.1008
2188.616455 88.461 -158.9473
2204.476074 88.422 -144.6372
2220.450684 88.392 -130.2014
2236.541016 88.368 -115.6664
2252.747803 88.346 -101.0487
2269.072021 88.322 -86.3468
2285.514648 88.291 -71.5422
2302.076416 88.251 -56.6055
2318.758301 88.201 -41.5048
2335.561035 88.147 -26.2131
2352.485352 88.091 -10.7185
2369.532471 88.039 4.9758
2386.703125 87.996 20.8512
2403.998047 87.964 36.8875
2421.418457 87.939 53.0560
2438.965088 87.920 69.3354
2456.638916 87.901 85.7256
2474.440674 87.876 102.2466
2492.371582 87.844 118.9353
2510.432373 87.804 135.8325
2528.624023 87.761 152.9724
2546.947510 87.722 170.3678
2565.403809 87.694 -171.9944
2583.993896 87.683 -154.1527
2602.718506 87.689 -136.1566
2621.578857 87.712 -118.0355
2640.575928 87.746 -99.8147
2659.710693 87.787 -81.4993
2678.984131 87.833 -63.0669
2698.397217 87.885 -44.4915
2717.950928 87.945 -25.7604
2737.646240 88.018 -6.8826
2757.484375 88.106 12.1128
2777.466309 88.207 31.1860
2797.593018 88.318 50.3037
2817.865479 88.430 69.4517
2838.284912 88.540 88.6404
2858.852295 88.644 107.9067
2879.568604 88.741 127.2793
2900.435059 88.834 146.7729
2921.452881 88.927 166.3916
2942.623047 89.021 -173.8755
2963.946533 89.116 -154.0503
2985.424561 89.208 -134.1465
3007.058105 89.293 -114.1665
3028.848389 89.364 -94.0945
3050.796631 89.420 -73.8997
3072.904053 89.459 -53.5481
3095.171631 89.485 -33.0112
3117.600586 89.501 -12.2744
3140.191895 89.510 8.6643
3162.947021 89.514 29.7981
3185.866943 89.514 51.1179
3208.953125 89.506 72.6233
3232.206543 89.490 94.3274
3255.628418 89.466 116.2512
3279.219971 89.436 138.4158
3302.982666 89.403 160.8298
3326.917480 89.372 -176.5154
3351.025635 89.345 -153.6367
3375.308594 89.323 -130.5544
3399.767578 89.303 -107.2864
3424.403809 89.283 -83.8271
3449.218506 89.263 -60.1580
3474.212891 89.243 -36.2681
3499.388428 89.227 -12.1572
3524.746338 89.216 12.1606
3550.288086 89.211 36.6663
3576.014893 89.210 61.3423
3601.928223 89.210 86.1853
3628.029297 89.211 111.2041
3654.319580 89.211 136.4109
3680.800293 89.212 161.8105
3707.472900 89.216 -172.5959
3734.338867 89.221 -146.8201
3761.399414 89.227 -120.8728
3788.656006 89.232 -94.7524
3816.110107 89.233 -68.4458
3843.763184 89.231 -41.9380
3871.616699 89.228 -15.2178
3899.672119 89.224 11.7158
3927.930664 89.222 38.8533
3956.394043 89.219 66.1860
3985.063721 89.216 93.7100
4013.941162 89.210 121.4324
4043.027832 89.201 149.3699
4072.325195 89.189 177.5271
4101.834961 89.176 -154.1025
4131.558594 89.161 -125.5232
4161.497559 89.142 -96.7349
4191.653320 89.119 -67.7295
4222.027832 89.090 -38.4907
4252.622559 89.057 -9.0059
4283.438965 89.023 20.7297
4314.478516 88.987 50.7107
4345.743164 88.951 80.9338
4377.234375 88.914 111.3982
4408.953613 88.878 142.1060
4440.902832 88.842 173.0601
4473.083496 88.809 -155.7451
4505.497070 88.778 -124.3201
4538.145996 88.750 -92.6750
4571.031250 88.723 -60.8135
4604.154785 88.696 -28.7349
4637.518555 88.668 3.5642
4671.124023 88.639 36.0825
4704.973145 88.608 68.8162
4739.067383 88.573 101.7654
4773.408691 88.532 134.9373
4807.998535 88.484 168.3499
4842.839355 88.427 -157.9844
4877.932617 88.360 -124.0549
4913.280273 88.284 -89.8474
4948.883789 88.197 -55.3418
4984.745605 88.100 -20.5156
5020.867188 87.996 14.6528
5057.250488 87.887 50.1748
5093.897461 87.778 86.0498
5130.810059 87.671 122.2773
5167.990234 87.570 158.8491
5205.439453 87.476 -164.2451
5243.160156 87.390 -126.9976
5281.154297 87.315 -89.4312
5319.423828 87.251 -51.5747
5357.970703 87.195 -13.4385
5396.796875 87.149 24.9697
5435.904297 87.111 63.6406
5475.294922 87.079 102.5664
5514.971191 87.052 141.7446
5554.935059 87.029 -178.8213
5595.188477 87.008 -139.1260
5635.733398 86.989 -99.1616
5676.572266 86.971 -58.9229
5717.707031 86.954 -18.3896
5759.140137 86.937 22.4399
5800.873047 86.920 63.5562
5842.908691 86.904 104.9629
5885.249023 86.887 146.6641
5927.895996 86.869 -171.3398
5970.852051 86.850 -129.0415
6014.119141 86.832 -86.4438
6057.699707 86.814 -43.5522
6101.596191 86.795 -0.3701
6145.811035 86.775 43.1006
6190.346191 86.751 86.8574
6235.204102 86.722 130.9185
6280.386719 86.684 175.2896
6325.896973 86.636 -140.0156
6371.736816 86.578 -94.9722
6417.909180 86.508 -49.5591
6464.416016 86.428 -3.7510
6511.259766 86.337 42.4736
6558.442871 86.239 89.1406
6605.968262 86.134 136.2720
6653.837891 86.027 -176.1138
6702.054199 85.922 -127.9976
6750.620117 85.822 -79.3667
6799.538086 85.734 -30.2134
6848.810547 85.664 19.4512
6898.439941 85.616 69.6079
6948.428711 85.597 120.2236
6998.779785 85.609 171.2534
7049.495605 85.655 -137.3560
7100.579102 85.733 -85.6646
7152.032715 85.841 -33.7261
7203.859375 85.973 18.4111
7256.061523 86.124 70.7144
7308.642090 86.286 123.1660
7361.603516 86.451 175.7573
7414.948730 86.613 -131.4893
7468.680664 86.765 -78.5635
7522.801758 86.901 -25.4492
7577.314941 87.015 27.8853
7632.223145 87.103 81.4795
7687.529297 87.162 135.3779
7743.236328 87.191 -170.3726
7799.347168 87.188 -115.7246
7855.864258 87.156 -60.6318
7912.791016 87.096 -5.0493
7970.130371 87.013 51.0610
8027.885254 86.910 107.7324
8086.058594 86.794 165.0205
8144.653320 86.672 -137.0708
8203.672852 86.551 -78.5703
8263.120117 86.436 -19.4937
8322.998047 86.334 40.1309
8383.309570 86.249 100.2646
8444.058594 86.182 160.8687
8505.248047 86.133 -138.0996
8566.880859 86.101 -76.6748
8628.959961 86.082 -14.8843
8691.489258 86.072 47.2617
8754.471680 86.067 109.7607
8817.910156 86.064 172.6577
8881.808594 86.059 -124.0483
8946.169922 86.051 -60.3789
9010.997070 86.036 3.6807
9076.294922 86.014 68.1450
9142.065430 85.982 133.0332
9208.312500 85.941 -161.6416
9275.040039 85.889 -95.8672
9342.250977 85.828 -29.6279
9409.949219 85.756 37.0879
9478.137695 85.674 104.2920
9546.820312 85.582 171.9951
9616.000977 85.481 -119.7578
9685.682617 85.370 -50.9648
9755.869141 85.250 18.3652
9826.564453 85.121 88.2480
9897.771484 84.985 158.6963
9969.495117 84.841 -130.2754
10041.738281 84.692 -58.6533
10114.504883 84.539 13.5820
10187.798828 84.384 86.4404
10261.624023 84.230 159.9346
10335.984375 84.080 -125.9277
10410.882812 83.938 -51.1494
10486.324219 83.807 24.2686
10562.312500 83.690 100.3105
10638.851562 83.591 176.9600
10715.945312 83.511 -105.8076
10793.597656 83.451 -28.0234
10871.812500 83.410 50.2822
10950.593750 83.387 129.0859
11029.946289 83.376 -151.6387
11109.874023 83.375 -71.8994
11190.380859 83.379 8.3037
11271.470703 83.382 88.9795
11353.148438 83.380 170.1504
11435.417969 83.369 -108.1475
11518.284180 83.347 -25.8750
11601.750000 83.315 57.0059
11685.821289 83.272 140.5391
11770.501953 83.223 -135.2451
11855.795898 83.170 -50.3184
11941.708008 83.119 35.3350
12028.242188 83.075 121.7109
12115.403320 83.042 -151.1963
12203.196289 83.023 -63.4150
12291.625977 83.020 25.0254
12380.696289 83.034 114.0869
12470.412109 83.063 -156.2803
12560.778320 83.102 -66.0947
12651.798828 83.148 24.6328
12743.478516 83.196 115.9004
12835.823242 83.241 -152.2803
12928.836914 83.279 -59.8877
13022.524414 83.307 33.0986
13116.890625 83.324 126.7129
13211.941406 83.329 -139.0215
13307.680664 83.322 -44.0801
13404.113281 83.305 51.5596
13501.245117 83.279 147.9062
13599.081055 83.244 -115.0293
13697.625977 83.203 -17.2441
13796.884766 83.155 81.2705
13896.862305 83.102 -179.4824
13997.564453 83.043 -79.5000
14098.996094 82.980 21.2227
14201.163086 82.913 122.6836
14304.070312 82.843 -135.1162
14407.723633 82.770 -32.1807
14512.127930 82.694 71.4854
14617.289062 82.614 175.8838
14723.211914 82.530 -78.9854
14829.902344 82.441 26.8994
14937.366211 82.345 133.5439
15045.608398 82.243 -119.0469
15154.634766 82.136 -10.8662
15264.451172 82.025 98.1016
15375.063477 81.910 -152.1475
15486.477539 81.793 -41.6123
15598.699219 81.674 69.7109
15711.733398 81.552 -178.1816
15825.586914 81.427 -65.2734
15940.265625 81.297 48.4434
16055.775391 81.162 162.9941
16172.122070 81.024 -81.5869
16289.311523 80.883 34.7168
16407.351562 80.741 151.8994
16526.246094 80.600 -90.0400
16646.001953 80.460 28.9033
16766.625000 80.322 148.7334
16888.123047 80.185 -90.5449
17010.501953 80.048 31.0762
17133.767578 79.911 153.6123
17257.925781 79.773 -82.9150
17382.984375 79.633 41.5195
17508.949219 79.494 166.9414
17635.826172 79.357 -66.6172
17763.623047 79.226 60.8477
17892.345703 79.102 -170.6836
18022.001953 78.987 -41.2246
18152.597656 78.883 89.2070
18284.138672 78.790 -139.4121
18416.632812 78.706 -7.1016
18550.087891 78.629 126.1230
18684.509766 78.557 -99.7480
18819.906250 78.487 35.2812
18956.283203 78.413 171.2168
19093.648438 78.333 -51.9258
19232.009766 78.245 85.6543
19371.373047 78.147 -135.9590
19511.746094 78.040 3.4414
19653.136719 77.925 143.8633
19795.550781 77.804 -74.6875
19938.998047 77.681 67.7871
20083.484375 77.557 -148.7422
20229.017578 77.431 -4.2969
20375.605469 77.304 141.1055
20523.255859 77.173 -72.5586
20671.976562 77.038 74.7148
20821.773438 76.897 -137.0664
20972.656250 76.751 12.1035
21124.632812 76.603 162.2402
21277.710938 76.457 -46.6465
21431.898438 76.319 105.4434
21587.203125 76.197 -101.4805
21743.632812 76.097 52.5664
21901.195312 76.025 -152.4043
22059.900391 0.000 3.5001
