* Measurement data measured by REW V5.30
* Source: EXCL: Microphone (2- UMM-6), MICROPHONE (Master Volume), R, volume: 0.320. Timing signal peak level -58.7 dBFS, measurement signal peak level -43.5 dBFS
* Format: 128k Log Swept Sine, 1 sweep at -12.0 dBFS using an acoustic timing reference
* Dated: Aug 17, 2026 6:43:18 PM
* REW Settings:
*  C-weighting compensation: Off
*  Target level: 75.0 dB
* Note: ; Delay -2.7740 ms (-951 mm, -(3 ft 1.46 in)) using estimated IR delay relative to Acoustic reference played from SPEAKER R with no timing offset Clock adjustment: -18.4 ppm
* Measurement: MID (2k) + TW (853) BW
* Smoothing: 1/6 octave
* Frequency Step: 96 ppo
* Start Frequency: 30.029297 Hz
*
* Freq(Hz) SPL(dB) Phase(degrees)
30.029297 56.410 12.5944
30.246902 56.702 8.4350
30.466084 57.051 3.1813
30.686853 57.416 -2.7819
30.909224 57.761 -9.1451
31.133205 58.061 -15.6854
31.358809 58.300 -22.2456
31.586048 58.469 -28.7029
31.814934 58.563 -34.9406
32.045479 58.586 -40.8263
32.277695 58.546 -46.1962
32.511593 58.458 -50.8430
32.747185 58.341 -54.5120
32.984486 58.225 -56.9168
33.223503 58.141 -57.7989
33.464252 58.122 -57.0634
33.706749 58.194 -54.9722
33.951000 58.370 -52.2403
34.197021 58.645 -49.8210
34.444828 58.998 -48.4800
34.694431 59.398 -48.5339
34.945843 59.811 -49.9217
35.199074 60.208 -52.4006
35.454140 60.563 -55.6848
35.711056 60.859 -59.5107
35.969833 61.082 -63.6520
36.230484 61.223 -67.9169
36.493027 61.278 -72.1366
36.757469 61.244 -76.1540
37.023830 61.124 -79.8137
37.292122 60.923 -82.9538
37.562355 60.650 -85.4067
37.834549 60.318 -86.9981
38.108715 59.947 -87.5745
38.384865 59.558 -87.0578
38.663017 59.173 -85.5160
38.943184 58.812 -83.2219
39.225384 58.488 -80.6310
39.509628 58.203 -78.2484
39.795933 57.951 -76.4586
40.084309 57.722 -75.4414
40.374775 57.508 -75.2110
40.667347 57.305 -75.7360
40.962040 57.118 -77.0946
41.258869 56.956 -79.6779
41.557846 56.833 -84.4541
41.858990 56.759 -93.2500
42.162315 56.745 -108.4460
42.467842 56.793 -129.8914
42.775581 56.906 -151.2429
43.085552 57.082 -167.0284
43.397766 57.315 -177.6323
43.712246 57.598 174.9722
44.029003 57.919 169.4012
44.348057 58.263 164.8615
44.669422 58.612 160.8916
44.993114 58.941 157.1966
45.319153 59.228 153.5835
45.647552 59.451 149.9399
45.978333 59.592 146.2151
46.311512 59.640 142.4031
46.647106 59.593 138.5222
46.985130 59.457 134.5919
47.325603 59.248 130.6138
47.668545 58.987 126.5596
48.013969 58.697 122.3718
48.361900 58.403 117.9789
48.712349 58.128 113.3207
49.065338 57.890 108.3898
49.420887 57.703 103.2854
49.779011 57.576 98.3393
50.139729 57.516 94.6008
50.503063 57.520 96.9899
50.869030 57.580 163.1623
51.237648 57.681 -139.2197
51.608936 57.805 -138.3777
51.982918 57.930 -143.4337
52.359608 58.039 -149.8528
52.739025 58.120 -156.4890
53.121193 58.167 -162.8321
53.506130 58.180 -168.6419
53.893856 58.166 -173.8500
54.284393 58.130 -178.5137
54.677761 58.077 177.2013
55.073978 58.003 173.0854
55.473068 57.899 168.9656
55.875050 57.751 164.7683
56.279942 57.544 160.5392
56.687771 57.265 156.4255
57.098553 56.907 152.6363
57.512314 56.469 149.3993
57.929073 55.958 146.9358
58.348850 55.382 145.4077
58.771671 54.755 144.9345
59.197556 54.092 145.6401
59.626526 53.408 147.6590
60.058605 52.723 151.0834
60.493816 52.055 155.8138
60.932178 51.426 161.3974
61.373718 50.855 167.0552
61.818459 50.356 171.9771
62.266422 49.934 175.6300
62.717632 49.582 177.8094
63.172112 49.292 178.4811
63.629883 49.052 177.5030
64.090973 48.859 174.2695
64.555405 48.720 166.8137
65.023201 48.645 148.6646
65.494385 48.645 106.5291
65.968987 48.724 66.6174
66.447021 48.876 50.7063
66.928520 49.085 45.2739
67.413513 49.335 44.3957
67.902016 49.611 46.1843
68.394058 49.900 49.8901
68.889671 50.198 55.0345
69.388878 50.498 61.0950
69.891701 50.794 67.4643
70.398163 51.080 73.5876
70.908295 51.345 79.1260
71.422127 51.585 84.0221
71.939682 51.798 88.4403
72.460983 51.995 92.6544
72.986069 52.190 96.9349
73.514954 52.401 101.4491
74.047676 52.640 106.1768
74.584259 52.910 110.8708
75.124725 53.205 115.1156
75.669113 53.507 118.5204
76.217445 53.798 120.8956
76.769745 54.060 122.3060
77.326050 54.284 123.0071
77.886383 54.471 123.3170
78.450783 54.631 123.5019
79.019272 54.777 123.7125
79.591881 54.927 123.9765
80.168640 55.088 124.2353
80.749573 55.264 124.3958
81.334717 55.448 124.3727
81.924103 55.632 124.1129
82.517761 55.804 123.6140
83.115723 55.958 122.9207
83.718010 56.092 122.1052
84.324669 56.212 121.2439
84.935722 56.326 120.3954
85.551201 56.443 119.5921
86.171143 56.567 118.8453
86.795578 56.703 118.1537
87.424538 56.849 117.5081
88.058052 57.006 116.8922
88.696159 57.175 116.2841
89.338890 57.359 115.6541
89.986275 57.562 114.9846
90.638351 57.793 114.2665
91.295151 58.057 113.4954
91.956711 58.360 112.6871
92.623070 58.703 111.8834
93.294258 59.086 111.1466
93.970306 59.504 110.5431
94.651253 59.953 110.1248
95.337135 60.425 109.9165
96.027985 60.912 109.9135
96.723846 61.406 110.0870
97.424744 61.900 110.3886
98.130722 62.390 110.7625
98.841820 62.874 111.1457
99.558067 63.350 111.4686
100.279503 63.818 111.6654
101.006172 64.276 111.6848
101.738106 64.722 111.4976
102.475342 65.154 111.0974
103.217918 65.571 110.4937
103.965881 65.970 109.7043
104.719261 66.348 108.7502
105.478104 66.702 107.6527
106.242439 67.027 106.4253
107.012314 67.320 105.0979
107.787766 67.578 103.7085
108.568840 67.801 102.2902
109.355576 67.990 100.8772
110.148010 68.149 99.5050
110.946190 68.283 98.2108
111.750153 68.398 97.0315
112.559937 68.501 96.0015
113.375595 68.602 95.1501
114.197159 68.708 94.4991
115.024681 68.829 94.0596
115.858200 68.972 93.8187
116.697754 69.144 93.7617
117.543396 69.349 93.8667
118.395164 69.590 94.0960
119.253105 69.866 94.4105
120.117264 70.174 94.7721
120.987686 70.513 95.1440
121.864410 70.877 95.4901
122.747490 71.264 95.7755
123.636971 71.669 95.9675
124.532898 72.088 96.0358
125.435318 72.516 95.9526
126.344276 72.947 95.6924
127.259819 73.375 95.2371
128.181992 73.794 94.5794
129.110855 74.196 93.7249
130.046448 74.574 92.6950
130.988815 74.922 91.5268
131.938019 75.237 90.2692
132.894089 75.518 88.9766
133.857101 75.768 87.7027
134.827087 75.991 86.4953
135.804108 76.193 85.3930
136.788193 76.380 84.4245
137.779419 76.561 83.6044
138.777832 76.744 82.9414
139.783478 76.934 82.4355
140.796402 77.139 82.0756
141.816666 77.364 81.8429
142.844330 77.611 81.7137
143.879440 77.885 81.6604
144.922043 78.185 81.6533
145.972214 78.510 81.6594
147.029984 78.859 81.6418
148.095428 79.227 81.5587
149.168594 79.606 81.3664
150.249527 79.988 81.0256
151.338303 80.362 80.5073
152.434967 80.721 79.7993
153.539566 81.055 78.9117
154.652176 81.358 77.8748
155.772842 81.630 76.7346
156.901642 81.872 75.5445
158.038620 82.087 74.3561
159.183838 82.284 73.2109
160.337357 82.470 72.1357
161.499222 82.651 71.1440
162.669510 82.833 70.2377
163.848282 83.021 69.4134
165.035599 83.218 68.6601
166.231522 83.426 67.9630
167.436096 83.645 67.3059
168.649414 83.875 66.6713
169.871521 84.116 66.0399
171.102478 84.364 65.3925
172.342361 84.619 64.7102
173.591232 84.875 63.9756
174.849152 85.130 63.1758
176.116180 85.380 62.3057
177.392395 85.622 61.3690
178.677856 85.854 60.3782
179.972626 86.076 59.3438
181.276779 86.286 58.2743
182.590393 86.484 57.1807
183.913513 86.671 56.0734
185.246231 86.847 54.9619
186.588608 87.011 53.8537
187.940704 87.167 52.7548
189.302597 87.315 51.6686
190.674362 87.456 50.5948
192.056061 87.591 49.5294
193.447784 87.719 48.4665
194.849594 87.839 47.4036
196.261551 87.948 46.3394
197.683746 88.043 45.2777
199.116241 88.124 44.2327
200.559113 88.188 43.2242
202.012451 88.238 42.2727
203.476318 88.276 41.3940
204.950790 88.307 40.5957
206.435944 88.334 39.8764
207.931870 88.360 39.2270
209.438629 88.386 38.6348
210.956314 88.412 38.0881
212.484985 88.438 37.5784
214.024734 88.461 37.1054
215.575653 88.481 36.6732
217.137802 88.499 36.2852
218.711273 88.515 35.9418
220.296143 88.530 35.6400
221.892502 88.545 35.3750
223.500427 88.559 35.1418
225.120010 88.572 34.9361
226.751328 88.583 34.7549
228.394455 88.591 34.5975
230.049500 88.596 34.4657
231.716537 88.596 34.3550
233.395645 88.591 34.2737
235.086929 88.582 34.2347
236.790466 88.568 34.2452
238.506348 88.550 34.3113
240.234665 88.529 34.4374
241.975510 88.505 34.6251
243.728958 88.480 34.8738
245.495117 88.454 35.1831
247.274078 88.427 35.5544
249.065933 88.400 35.9909
250.870773 88.373 36.4964
252.688690 88.348 37.0596
254.519775 88.327 37.6830
256.364136 88.311 38.3713
258.221863 88.302 39.1161
260.093048 88.301 39.9067
261.977783 88.308 40.7308
263.876190 88.324 41.5759
265.788361 88.346 42.4313
267.714386 88.375 43.2890
269.654358 88.407 44.1444
271.608398 88.443 44.9943
273.576599 88.480 45.8350
275.559052 88.517 46.6525
277.555878 88.551 47.4491
279.567169 88.581 48.2372
281.593018 88.603 49.0273
283.633545 88.617 49.8361
285.688873 88.621 50.6850
287.759094 88.615 51.5998
289.844330 88.603 52.6071
291.944672 88.587 53.7297
294.060211 88.574 54.9789
296.191101 88.569 56.3494
298.337433 88.579 57.8174
300.499298 88.607 59.3491
302.676849 88.655 60.8988
304.870178 88.719 62.4233
307.079407 88.797 63.8944
309.304626 88.882 65.2994
311.545990 88.972 66.6397
313.803589 89.062 67.9247
316.077545 89.150 69.1663
318.367981 89.237 70.3747
320.675018 89.320 71.5573
322.998749 89.400 72.7193
325.339325 89.476 73.8647
327.696869 89.548 75.0057
330.071503 89.614 76.1459
332.463348 89.676 77.2885
334.872528 89.732 78.4441
337.299164 89.785 79.6215
339.743378 89.835 80.8252
342.205292 89.885 82.0540
344.685059 89.936 83.3008
347.182800 89.989 84.5541
349.698639 90.043 85.8009
352.232697 90.096 87.0303
354.785126 90.146 88.2373
357.356049 90.190 89.4329
359.945587 90.225 90.6240
362.553894 90.251 91.8172
365.181122 90.265 93.0279
367.827362 90.270 94.2715
370.492798 90.264 95.5628
373.177551 90.249 96.9162
375.881744 90.227 98.3435
378.605530 90.201 99.8527
381.349060 90.174 101.4461
384.112488 90.148 103.1203
386.895935 90.126 104.8672
389.699554 90.110 106.6773
392.523468 90.101 108.5352
395.367859 90.099 110.4227
398.232849 90.103 112.3240
401.118622 90.112 114.2274
404.025299 90.122 116.1277
406.953033 90.132 118.0255
409.901978 90.139 119.9263
412.872284 90.142 121.8399
415.864136 90.141 123.7792
418.877655 90.134 125.7577
421.913025 90.125 127.7850
424.970367 90.116 129.8624
428.049866 90.107 131.9840
431.151703 90.101 134.1385
434.276001 90.098 136.3138
437.422943 90.096 138.5013
440.592682 90.093 140.6992
443.785400 90.088 142.9123
447.001251 90.080 145.1506
450.240417 90.069 147.4261
453.503052 90.056 149.7497
456.789307 90.041 152.1288
460.099396 90.027 154.5665
463.433472 90.015 157.0624
466.791687 90.006 159.6118
470.174255 90.003 162.2061
473.581329 90.006 164.8327
477.013092 90.014 167.4756
480.469727 90.026 170.1193
483.951416 90.039 172.7550
487.458313 90.050 175.3835
490.990631 90.058 178.0137
494.548553 90.062 -179.3428
498.132263 90.061 -176.6771
501.741943 90.057 -173.9836
505.377777 90.050 -171.2565
509.039948 90.040 -168.4939
512.728638 90.027 -165.6961
516.444092 90.012 -162.8626
520.186462 89.995 -159.9925
523.955933 89.977 -157.0837
527.752747 89.957 -154.1343
531.577087 89.936 -151.1432
535.429138 89.913 -148.1101
539.309082 89.890 -145.0336
543.217163 89.864 -141.9094
547.153564 89.838 -138.7309
551.118469 89.811 -135.4934
555.112122 89.783 -132.1906
559.134705 89.758 -128.8180
563.186401 89.736 -125.3776
567.267456 89.719 -121.8753
571.378113 89.707 -118.3189
575.518555 89.700 -114.7165
579.689026 89.700 -111.0745
583.889709 89.704 -107.3972
588.120789 89.714 -103.6871
592.382568 89.728 -99.9446
596.675232 89.748 -96.1702
600.998962 89.773 -92.3712
605.354065 89.803 -88.5496
609.740723 89.840 -84.7068
614.159180 89.882 -80.8498
618.609619 89.930 -76.9871
623.092346 89.982 -73.1266
627.607544 90.038 -69.2731
632.155457 90.095 -65.4259
636.736328 90.153 -61.5808
641.350403 90.212 -57.7338
645.997864 90.271 -53.8851
650.679016 90.332 -50.0393
655.394104 90.394 -46.2109
660.143372 90.455 -42.4050
664.927063 90.514 -38.6199
669.745422 90.568 -34.8533
674.598694 90.615 -31.0986
679.487122 90.655 -27.3466
684.410950 90.687 -23.5874
689.370483 90.710 -19.8117
694.365967 90.723 -16.0116
699.397644 90.727 -12.1794
704.465759 90.721 -8.3065
709.570618 90.704 -4.3818
714.712463 90.678 -0.3913
719.891541 90.641 3.6791
725.108154 90.597 7.8416
730.362610 90.546 12.1057
735.655090 90.491 16.4775
740.985962 90.435 20.9605
746.355469 90.377 25.5571
751.763855 90.322 30.2696
757.211426 90.270 35.0994
762.698486 90.224 40.0457
768.225342 90.187 45.1046
773.792236 90.161 50.2676
779.399475 90.149 55.5280
785.047302 90.153 60.8635
790.736084 90.175 66.2455
796.466064 90.214 71.6515
802.237610 90.270 77.0598
808.050964 90.342 82.4503
813.906433 90.428 87.8037
819.804321 90.525 93.1037
825.744934 90.631 98.3379
831.728638 90.740 103.4991
837.755676 90.851 108.5844
843.826416 90.959 113.5955
849.941101 91.061 118.5465
856.100098 91.154 123.4446
862.303772 91.235 128.2962
868.552368 91.302 133.1161
874.846252 91.353 137.9214
881.185730 91.387 142.7307
887.571167 91.402 147.5643
894.002869 91.399 152.4440
900.481201 91.377 157.3926
907.006470 91.337 162.4333
913.579041 91.282 167.5872
920.199219 91.213 172.8739
926.867371 91.135 178.3129
933.583862 91.050 -176.0823
940.348999 90.964 -170.3034
947.163147 90.881 -164.3477
954.026672 90.807 -158.2220
960.939941 90.749 -151.9432
967.903320 90.709 -145.5386
974.917175 90.692 -139.0431
981.981812 90.697 -132.4964
989.097656 90.726 -125.9371
996.265076 90.773 -119.4005
1003.484436 90.836 -112.9148
1010.756104 90.908 -106.5150
1018.080444 90.984 -100.2051
1025.457886 91.057 -93.9711
1032.888794 91.123 -87.8026
1040.373535 91.177 -81.6826
1047.912476 91.217 -75.5897
1055.506104 91.238 -69.4981
1063.154785 91.241 -63.3804
1070.858887 91.224 -57.2077
1078.618774 91.188 -50.9519
1086.434937 91.137 -44.5870
1094.307739 91.071 -38.0913
1102.237549 90.996 -31.4628
1110.224854 90.915 -24.6863
1118.270020 90.833 -17.7473
1126.373413 90.754 -10.6490
1134.535522 90.683 -3.4032
1142.756836 90.623 3.9731
1151.037720 90.577 11.4590
1159.378662 90.546 19.0330
1167.780029 90.530 26.6746
1176.242188 90.530 34.3640
1184.765747 90.544 42.0825
1193.351074 90.572 49.8127
1201.998535 90.610 57.5346
1210.708740 90.656 65.2359
1219.482056 90.708 72.9098
1228.318970 90.761 80.5502
1237.219849 90.811 88.1572
1246.185303 90.855 95.7377
1255.215698 90.888 103.3047
1264.311523 90.909 110.8776
1273.473267 90.916 118.4789
1282.701416 90.907 126.1326
1291.996460 90.885 133.8610
1301.358765 90.851 141.6838
1310.788940 90.807 149.6200
1320.287476 90.757 157.6779
1329.854858 90.704 165.8590
1339.491577 90.652 174.1610
1349.198120 90.603 -177.4236
1358.974976 90.561 -168.9073
1368.822632 90.527 -160.3060
1378.741699 90.502 -151.6375
1388.732666 90.487 -142.9205
1398.796021 90.478 -134.1721
1408.932251 90.476 -125.4068
1419.141968 90.475 -116.6340
1429.425659 90.474 -107.8439
1439.783813 90.469 -99.0388
1450.217041 90.455 -90.2231
1460.725952 90.431 -81.3851
1471.311035 90.394 -72.5087
1481.972778 90.341 -63.5746
1492.711792 90.271 -54.5595
1503.528564 90.185 -45.4387
1514.423706 90.081 -36.1862
1525.397827 89.962 -26.7750
1536.451538 89.830 -17.1801
1547.585327 89.688 -7.3790
1558.799805 89.542 2.6538
1570.095459 89.397 12.9272
1581.473022 89.260 23.4364
1592.932983 89.137 34.1708
1604.476074 89.036 45.1068
1616.102783 88.961 56.2078
1627.813721 88.915 67.4286
1639.609497 88.901 78.7200
1651.490723 88.914 90.0356
1663.458130 88.951 101.3389
1675.512207 89.006 112.6050
1687.653687 89.072 123.8237
1699.883179 89.143 134.9979
1712.201294 89.214 146.1411
1724.608643 89.280 157.2754
1737.105835 89.339 168.4277
1749.693604 89.389 179.6282
1762.372559 89.433 -169.0941
1775.143433 89.473 -157.7148
1788.006836 89.513 -146.2190
1800.963501 89.558 -134.6057
1814.014038 89.614 -122.8894
1827.159180 89.684 -111.0984
1840.399536 89.766 -99.2688
1853.735840 89.857 -87.4449
1867.168823 89.953 -75.6505
1880.699097 90.044 -63.8887
1894.327393 90.124 -52.1494
1908.054443 90.186 -40.4045
1921.880981 90.227 -28.6132
1935.807739 90.247 -16.7290
1949.835449 90.248 -4.7076
1963.964722 90.237 7.4834
1978.196411 90.222 19.8611
1992.531250 90.209 32.4208
2006.969971 90.206 45.1395
2021.513306 90.216 57.9661
2036.161987 90.239 70.8624
2050.916748 90.271 83.8005
2065.778564 90.305 96.7594
2080.748047 90.333 109.7365
2095.825928 90.349 122.7506
2111.013184 90.348 135.8362
2126.310547 90.327 149.0355
2141.718750 90.290 162.3883
2157.238525 90.240 175.9259
2172.870850 90.185 -170.3392
2188.616455 90.130 -156.4139
2204.476074 90.082 -142.3287
2220.450684 90.041 -128.1157
2236.541016 90.007 -113.8019
2252.747803 89.975 -99.4042
2269.072021 89.939 -84.9214
2285.514648 89.894 -70.3330
2302.076416 89.838 -55.6083
2318.758301 89.771 -40.7125
2335.561035 89.698 -25.6174
2352.485352 89.622 -10.3092
2369.532471 89.551 5.2083
2386.703125 89.488 20.9150
2403.998047 89.436 36.7881
2421.418457 89.393 52.7965
2438.965088 89.356 68.9172
2456.638916 89.319 85.1494
2474.440674 89.276 101.5143
2492.371582 89.224 118.0505
2510.432373 89.164 134.8019
2528.624023 89.099 151.8053
2546.947510 89.038 169.0758
2565.403809 88.987 -173.3994
2583.993896 88.952 -155.6617
2602.718506 88.936 -137.7635
2621.578857 88.937 -119.7395
2640.575928 88.949 -101.6166
2659.710693 88.968 -83.4006
2678.984131 88.990 -65.0671
2698.397217 89.018 -46.5874
2717.950928 89.054 -27.9467
2737.646240 89.103 -9.1527
2757.484375 89.168 9.7654
2777.466309 89.247 28.7664
2797.593018 89.337 47.8146
2817.865479 89.430 66.8936
2838.284912 89.521 86.0132
2858.852295 89.606 105.2100
2879.568604 89.685 124.5129
2900.435059 89.760 143.9404
2921.452881 89.834 163.4980
2942.623047 89.910 -176.8240
2963.946533 89.987 -157.0469
2985.424561 90.062 -137.1877
3007.058105 90.130 -117.2510
3028.848389 90.186 -97.2224
3050.796631 90.226 -77.0725
3072.904053 90.249 -56.7666
3095.171631 90.259 -36.2739
3117.600586 90.258 -15.5776
3140.191895 90.250 5.3250
3162.947021 90.237 26.4272
3185.866943 90.220 47.7190
3208.953125 90.197 69.1985
3232.206543 90.165 90.8772
3255.628418 90.125 112.7773
3279.219971 90.078 134.9204
3302.982666 90.028 157.3176
3326.917480 89.980 179.9614
3351.025635 89.936 -157.1653
3375.308594 89.897 -134.0840
3399.767578 89.861 -110.8142
3424.403809 89.826 -87.3521
3449.218506 89.791 -63.6799
3474.212891 89.757 -39.7869
3499.388428 89.727 -15.6714
3524.746338 89.702 8.6528
3550.288086 89.683 33.1667
3576.014893 89.669 57.8516
3601.928223 89.657 82.7029
3628.029297 89.645 107.7295
3654.319580 89.632 132.9431
3680.800293 89.620 158.3506
3707.472900 89.610 -176.0464
3734.338867 89.603 -150.2590
3761.399414 89.595 -124.2983
3788.656006 89.586 -98.1631
3816.110107 89.574 -71.8398
3843.763184 89.559 -45.3125
3871.616699 89.541 -18.5696
3899.672119 89.525 8.3909
3927.930664 89.509 35.5601
3956.394043 89.495 62.9294
3985.063721 89.481 90.4941
4013.941162 89.464 118.2603
4043.027832 89.446 146.2434
4072.325195 89.426 174.4482
4101.834961 89.405 -157.1328
4131.558594 89.382 -128.5046
4161.497559 89.357 -99.6680
4191.653320 89.327 -70.6162
4222.027832 89.293 -41.3330
4252.622559 89.255 -11.8064
4283.438965 89.216 17.9683
4314.478516 89.176 47.9868
4345.743164 89.136 78.2458
4377.234375 89.097 108.7432
4408.953613 89.057 139.4824
4440.902832 89.019 170.4651
4473.083496 88.982 -158.3132
4505.497070 88.949 -126.8630
4538.145996 88.918 -95.1941
4571.031250 88.888 -63.3098
4604.154785 88.857 -31.2100
4637.518555 88.826 1.1089
4671.124023 88.793 33.6462
4704.973145 88.759 66.3987
4739.067383 88.720 99.3657
4773.408691 88.676 132.5552
4807.998535 88.624 165.9851
4842.839355 88.563 -160.3315
4877.932617 88.492 -126.3850
4913.280273 88.412 -92.1592
4948.883789 88.320 -57.6335
4984.745605 88.219 -22.7856
5020.867188 88.111 12.4062
5057.250488 87.998 47.9536
5093.897461 87.884 83.8579
5130.810059 87.773 120.1172
5167.990234 87.667 156.7222
5205.439453 87.569 -166.3345
5243.160156 87.480 -129.0493
5281.154297 87.402 -91.4434
5319.423828 87.334 -53.5474
5357.970703 87.277 -15.3721
5396.796875 87.229 23.0747
5435.904297 87.189 61.7822
5475.294922 87.156 100.7427
5514.971191 87.129 139.9536
5554.935059 87.105 179.4175
5595.188477 87.083 -140.8584
5635.733398 87.062 -100.8667
5676.572266 87.044 -60.6021
5717.707031 87.026 -20.0435
5759.140137 87.008 20.8115
5800.873047 86.991 61.9531
5842.908691 86.973 103.3843
5885.249023 86.955 145.1099
5927.895996 86.936 -172.8691
5970.852051 86.916 -130.5469
6014.119141 86.896 -87.9253
6057.699707 86.877 -45.0098
6101.596191 86.857 -1.8042
6145.811035 86.835 41.6895
6190.346191 86.810 85.4692
6235.204102 86.779 129.5518
6280.386719 86.740 173.9438
6325.896973 86.692 -141.3403
6371.736816 86.632 -96.2778
6417.909180 86.561 -50.8452
6464.416016 86.479 -5.0186
6511.259766 86.388 41.2251
6558.442871 86.288 87.9102
6605.968262 86.183 135.0596
6653.837891 86.075 -177.3086
6702.054199 85.968 -129.1743
6750.620117 85.867 -80.5259
6799.538086 85.777 -31.3535
6848.810547 85.705 18.3311
6898.439941 85.656 68.5083
6948.428711 85.636 119.1450
6998.779785 85.646 170.1973
7049.495605 85.691 -138.3901
7100.579102 85.768 -86.6758
7152.032715 85.875 -34.7158
7203.859375 86.007 17.4424
7256.061523 86.158 69.7656
7308.642090 86.319 122.2349
7361.603516 86.485 174.8428
7414.948730 86.647 -132.3896
7468.680664 86.799 -79.4512
7522.801758 86.935 -26.3252
7577.314941 87.049 27.0195
7632.223145 87.137 80.6240
7687.529297 87.196 134.5312
7743.236328 87.225 -171.2100
7799.347168 87.222 -116.5527
7855.864258 87.190 -61.4507
7912.791016 87.129 -5.8584
7970.130371 87.045 50.2637
8027.885254 86.941 106.9478
8086.058594 86.825 164.2495
8144.653320 86.701 -137.8271
8203.672852 86.579 -79.3096
8263.120117 86.463 -20.2144
8322.998047 86.360 39.4292
8383.309570 86.273 99.5835
8444.058594 86.205 160.2080
8505.248047 86.155 -138.7393
8566.880859 86.122 -77.2944
8628.959961 86.102 -15.4844
8691.489258 86.092 46.6802
8754.471680 86.088 109.1958
8817.910156 86.085 172.1074
8881.808594 86.081 -124.5859
8946.169922 86.073 -60.9053
9010.997070 86.058 3.1641
9076.294922 86.036 67.6357
9142.065430 86.004 132.5312
9208.312500 85.963 -162.1396
9275.040039 85.911 -96.3594
9342.250977 85.849 -30.1162
9409.949219 85.777 36.6035
9478.137695 85.694 103.8125
9546.820312 85.601 171.5225
9616.000977 85.498 -120.2246
9685.682617 85.386 -51.4258
9755.869141 85.265 17.9121
9826.564453 85.135 87.8037
9897.771484 84.997 158.2617
9969.495117 84.853 -130.6973
10041.738281 84.703 -59.0625
10114.504883 84.548 13.1875
10187.798828 84.393 86.0615
10261.624023 84.238 159.5732
10335.984375 84.088 -126.2725
10410.882812 83.945 -51.4736
10486.324219 83.814 23.9619
10562.312500 83.698 100.0225
10638.851562 83.599 176.6885
10715.945312 83.520 -106.0635
10793.597656 83.461 -28.2646
10871.812500 83.421 50.0537
10950.593750 83.397 128.8682
11029.946289 83.388 -151.8447
11109.874023 83.388 -72.0957
11190.380859 83.392 8.1162
11271.470703 83.395 88.8008
11353.148438 83.393 169.9824
11435.417969 83.382 -108.3057
11518.284180 83.360 -26.0215
11601.750000 83.327 56.8721
11685.821289 83.284 140.4170
11770.501953 83.234 -135.3525
11855.795898 83.181 -50.4102
11941.708008 83.129 35.2598
12028.242188 83.085 121.6523
12115.403320 83.051 -151.2373
12203.196289 83.032 -63.4414
12291.625977 83.029 25.0146
12380.696289 83.043 114.0898
12470.412109 83.072 -156.2646
12560.778320 83.111 -66.0693
12651.798828 83.158 24.6680
12743.478516 83.205 115.9453
12835.823242 83.250 -152.2275
12928.836914 83.287 -59.8291
13022.524414 83.315 33.1670
13116.890625 83.331 126.7900
13211.941406 83.335 -138.9346
13307.680664 83.328 -43.9834
13404.113281 83.310 51.6660
13501.245117 83.284 148.0244
13599.081055 83.249 -114.8984
13697.625977 83.207 -17.0986
13796.884766 83.159 81.4297
13896.862305 83.106 -179.3096
13997.564453 83.047 -79.3115
14098.996094 82.984 21.4248
14201.163086 82.917 122.8994
14304.070312 82.847 -134.8877
14407.723633 82.774 -31.9414
14512.127930 82.697 71.7363
14617.289062 82.617 176.1436
14723.211914 82.532 -78.7178
14829.902344 82.442 27.1748
14937.366211 82.345 133.8252
15045.608398 82.243 -118.7588
15154.634766 82.135 -10.5713
15264.451172 82.023 98.4033
15375.063477 81.909 -151.8389
15486.477539 81.792 -41.2979
15598.699219 81.673 70.0303
15711.733398 81.551 -177.8564
15825.586914 81.425 -64.9434
15940.265625 81.295 48.7773
16055.775391 81.161 163.3320
16172.122070 81.023 -81.2432
16289.311523 80.881 35.0635
16407.351562 80.739 152.2500
16526.246094 80.598 -89.6826
16646.001953 80.458 29.2656
16766.625000 80.319 149.1006
16888.123047 80.181 -90.1729
17010.501953 80.044 31.4531
17133.767578 79.906 153.9932
17257.925781 79.767 -82.5293
17382.984375 79.626 41.9121
17508.949219 79.486 167.3438
17635.826172 79.348 -66.2070
17763.623047 79.216 61.2695
17892.345703 79.091 -170.2480
18022.001953 78.975 -40.7715
18152.597656 78.870 89.6758
18284.138672 78.776 -138.9258
18416.632812 78.691 -6.5977
18550.087891 78.614 126.6465
18684.509766 78.541 -99.2051
18819.906250 78.470 35.8398
18956.283203 78.395 171.7930
19093.648438 78.314 -51.3301
19232.009766 78.225 86.2637
19371.373047 78.126 -135.3320
19511.746094 78.018 4.0820
19653.136719 77.901 144.5156
19795.550781 77.780 -74.0234
19938.998047 77.656 68.4648
20083.484375 77.530 -148.0527
20229.017578 77.404 -3.5977
20375.605469 77.275 141.8105
20523.255859 77.143 -71.8438
20671.976562 77.007 75.4355
20821.773438 76.865 -136.3379
20972.656250 76.718 12.8398
21124.632812 76.569 162.9805
21277.710938 76.422 -45.8984
21431.898438 76.283 106.1992
21587.203125 76.159 -100.7188
21743.632812 76.058 53.3340
21901.195312 75.986 -151.6348
22059.900391 0.000 4.2696
