* Measurement data measured by REW V5.30
* Source: EXCL: Microphone (2- UMM-6), MICROPHONE (Master Volume), R, volume: 0.320. Timing signal peak level -59.2 dBFS, measurement signal peak level -43.6 dBFS
* Format: 128k Log Swept Sine, 1 sweep at -12.0 dBFS using an acoustic timing reference
* Dated: Aug 17, 2026 6:28:25 PM
* REW Settings:
*  C-weighting compensation: Off
*  Target level: 75.0 dB
* Note: ; Delay -2.7529 ms (-944 mm, -(3 ft 1.18 in)) using estimated IR delay relative to Acoustic reference played from SPEAKER R with no timing offset Clock adjustment: -18.4 ppm
* Measurement: MID + TW (875us)
* Smoothing: 1/6 octave
* Frequency Step: 96 ppo
* Start Frequency: 30.029297 Hz
*
* Freq(Hz) SPL(dB) Phase(degrees)
30.029297 63.943 11.8156
30.246902 63.689 13.6361
30.466084 63.345 16.3054
30.686853 62.926 20.0285
30.909224 62.453 24.9878
31.133205 61.945 31.2442
31.358809 61.425 38.6249
31.586048 60.910 46.6784
31.814934 60.413 54.7916
32.045479 59.942 62.4208
32.277695 59.500 69.2606
32.511593 59.090 75.2522
32.747185 58.711 80.4970
32.984486 58.362 85.1779
33.223503 58.043 89.5301
33.464252 57.750 93.8615
33.706749 57.482 98.6123
33.951000 57.243 104.4517
34.197021 57.039 112.3960
34.444828 56.879 123.7807
34.694431 56.771 139.4511
34.945843 56.719 157.5993
35.199074 56.716 173.7455
35.454140 56.747 -174.7702
35.711056 56.790 -167.5095
35.969833 56.821 -163.1100
36.230484 56.821 -160.4417
36.493027 56.779 -158.7394
36.757469 56.692 -157.5040
37.023830 56.565 -156.4164
37.292122 56.409 -155.2917
37.562355 56.241 -154.0604
37.834549 56.079 -152.7457
38.108715 55.936 -151.4422
38.384865 55.819 -150.2824
38.663017 55.726 -149.3893
38.943184 55.648 -148.8403
39.225384 55.571 -148.6526
39.509628 55.483 -148.7884
39.795933 55.371 -149.1737
40.084309 55.231 -149.7192
40.374775 55.061 -150.3374
40.667347 54.862 -150.9510
40.962040 54.639 -151.4938
41.258869 54.399 -151.9098
41.557846 54.151 -152.1462
41.858990 53.911 -152.1440
42.162315 53.698 -151.8330
42.467842 53.535 -151.1237
42.775581 53.449 -149.8894
43.085552 53.464 -147.9297
43.397766 53.591 -144.8912
43.712246 53.830 -140.0713
44.029003 54.166 -131.7742
44.348057 54.575 -114.2004
44.669422 55.027 -61.3013
44.993114 55.494 3.0624
45.319153 55.953 26.1569
45.647552 56.387 37.6214
45.978333 56.783 44.8146
46.311512 57.131 49.5530
46.647106 57.424 52.6818
46.985130 57.659 54.8447
47.325603 57.838 56.6305
47.668545 57.973 58.6207
48.013969 58.089 61.4447
48.361900 58.218 65.8792
48.712349 58.396 73.0250
49.065338 58.656 84.5558
49.420887 59.013 102.5037
49.779011 59.467 126.5472
50.139729 59.995 150.4236
50.503063 60.570 168.2907
50.869030 61.155 -179.8962
51.237648 61.720 -172.3101
51.608936 62.235 -167.5782
51.982918 62.675 -164.8583
52.359608 63.017 -163.5898
52.739025 63.243 -163.3434
53.121193 63.342 -163.7379
53.506130 63.307 -164.4684
53.893856 63.142 -165.2964
54.284393 62.855 -166.0418
54.677761 62.462 -166.6180
55.073978 61.985 -167.0499
55.473068 61.448 -167.4851
55.875050 60.881 -168.2111
56.279942 60.315 -169.7339
56.687771 59.782 -173.1146
57.098553 59.310 178.4628
57.512314 58.917 149.6708
57.929073 58.605 76.7098
58.348850 58.355 48.1759
58.771671 58.140 39.9986
59.197556 57.926 37.4818
59.626526 57.686 38.2858
60.058605 57.404 42.7427
60.493816 57.078 52.6262
60.932178 56.716 70.3588
61.373718 56.333 94.4127
61.818459 55.949 116.0706
62.266422 55.578 130.6656
62.717632 55.231 140.0110
63.172112 54.913 146.4951
63.629883 54.623 151.5255
64.090973 54.360 155.8036
64.555405 54.123 159.6426
65.023201 53.906 163.1454
65.494385 53.704 166.3241
65.968987 53.515 169.1665
66.447021 53.334 171.6544
66.928520 53.163 173.7503
67.413513 53.005 175.3843
67.902016 52.860 176.4570
68.394058 52.724 176.8597
68.889671 52.586 176.5062
69.388878 52.431 175.3383
69.891701 52.245 173.3376
70.398163 52.014 170.5266
70.908295 51.732 166.9550
71.422127 51.403 162.6890
71.939682 51.046 157.8175
72.460983 50.690 152.4781
72.986069 50.380 146.9031
73.514954 50.163 141.4345
74.047676 50.086 136.4550
74.584259 50.176 132.2552
75.124725 50.430 128.9323
75.669113 50.824 126.4182
76.217445 51.315 124.5546
76.769745 51.858 123.1611
77.326050 52.412 122.0845
77.886383 52.947 121.2157
78.450783 53.442 120.4957
79.019272 53.885 119.9120
79.591881 54.273 119.4811
80.168640 54.610 119.2255
80.749573 54.904 119.1523
81.334717 55.164 119.2439
81.924103 55.399 119.4563
82.517761 55.613 119.7338
83.115723 55.811 120.0156
83.718010 55.993 120.2375
84.324669 56.161 120.3403
84.935722 56.315 120.2786
85.551201 56.457 120.0326
86.171143 56.591 119.6122
86.795578 56.727 119.0486
87.424538 56.878 118.3807
88.058052 57.057 117.6465
88.696159 57.273 116.8804
89.338890 57.531 116.1083
89.986275 57.829 115.3644
90.638351 58.160 114.6846
91.295151 58.516 114.0962
91.956711 58.886 113.6213
92.623070 59.261 113.2736
93.294258 59.638 113.0542
93.970306 60.011 112.9503
94.651253 60.381 112.9382
95.337135 60.750 112.9883
96.027985 61.120 113.0685
96.723846 61.497 113.1465
97.424744 61.885 113.1884
98.130722 62.288 113.1690
98.841820 62.710 113.0723
99.558067 63.149 112.8863
100.279503 63.605 112.6054
101.006172 64.072 112.2303
101.738106 64.545 111.7651
102.475342 65.018 111.2127
103.217918 65.483 110.5707
103.965881 65.932 109.8308
104.719261 66.358 108.9833
105.478104 66.754 108.0237
106.242439 67.114 106.9482
107.012314 67.436 105.7776
107.787766 67.718 104.5460
108.568840 67.962 103.2837
109.355576 68.170 102.0223
110.148010 68.346 100.7949
110.946190 68.495 99.6351
111.750153 68.621 98.5752
112.559937 68.733 97.6426
113.375595 68.840 96.8574
114.197159 68.951 96.2296
115.024681 69.076 95.7575
115.858200 69.223 95.4169
116.697754 69.398 95.1887
117.543396 69.607 95.0549
118.395164 69.851 94.9901
119.253105 70.127 94.9718
120.117264 70.434 94.9811
120.987686 70.768 95.0004
121.864410 71.125 95.0114
122.747490 71.500 94.9938
123.636971 71.890 94.9259
124.532898 72.289 94.7848
125.435318 72.693 94.5475
126.344276 73.098 94.1903
127.259819 73.499 93.6936
128.181992 73.890 93.0445
129.110855 74.264 92.2399
130.046448 74.617 91.2911
130.988815 74.944 90.2248
131.938019 75.242 89.0801
132.894089 75.512 87.9028
133.857101 75.754 86.7397
134.827087 75.974 85.6324
135.804108 76.175 84.6156
136.788193 76.365 83.7155
137.779419 76.548 82.9462
138.777832 76.733 82.3171
139.783478 76.926 81.8292
140.796402 77.133 81.4724
141.816666 77.359 81.2292
142.844330 77.607 81.0770
143.879440 77.880 80.9894
144.922043 78.177 80.9375
145.972214 78.500 80.8904
147.029984 78.844 80.8132
148.095428 79.205 80.6672
149.168594 79.578 80.4124
150.249527 79.955 80.0139
151.338303 80.325 79.4476
152.434967 80.680 78.7065
153.539566 81.013 77.8046
154.652176 81.316 76.7744
155.772842 81.590 75.6616
156.901642 81.833 74.5166
158.038620 82.052 73.3858
159.183838 82.251 72.3044
160.337357 82.439 71.2941
161.499222 82.620 70.3634
162.669510 82.803 69.5112
163.848282 82.990 68.7322
165.035599 83.186 68.0147
166.231522 83.393 67.3441
167.436096 83.612 66.7053
168.649414 83.842 66.0819
169.871521 84.082 65.4564
171.102478 84.331 64.8113
172.342361 84.586 64.1295
173.591232 84.843 63.3956
174.849152 85.098 62.5986
176.116180 85.348 61.7346
177.392395 85.591 60.8080
178.677856 85.823 59.8309
179.972626 86.046 58.8120
181.276779 86.256 57.7576
182.590393 86.456 56.6760
183.913513 86.643 55.5762
185.246231 86.820 54.4673
186.588608 86.986 53.3579
187.940704 87.143 52.2554
189.302597 87.293 51.1650
190.674362 87.436 50.0880
192.056061 87.572 49.0209
193.447784 87.702 47.9581
194.849594 87.824 46.8972
196.261551 87.934 45.8368
197.683746 88.031 44.7814
199.116241 88.113 43.7459
200.559113 88.178 42.7507
202.012451 88.229 41.8165
203.476318 88.269 40.9589
204.950790 88.303 40.1844
206.435944 88.333 39.4899
207.931870 88.362 38.8647
209.438629 88.394 38.2944
210.956314 88.426 37.7655
212.484985 88.459 37.2673
214.024734 88.491 36.7977
215.575653 88.522 36.3591
217.137802 88.551 35.9537
218.711273 88.579 35.5813
220.296143 88.607 35.2384
221.892502 88.633 34.9205
223.500427 88.659 34.6229
225.120010 88.682 34.3429
226.751328 88.702 34.0795
228.394455 88.717 33.8350
230.049500 88.727 33.6140
231.716537 88.731 33.4142
233.395645 88.728 33.2451
235.086929 88.719 33.1200
236.790466 88.704 33.0457
238.506348 88.683 33.0280
240.234665 88.658 33.0712
241.975510 88.629 33.1776
243.728958 88.597 33.3477
245.495117 88.562 33.5826
247.274078 88.524 33.8856
249.065933 88.485 34.2620
250.870773 88.445 34.7172
252.688690 88.406 35.2416
254.519775 88.371 35.8385
256.364136 88.341 36.5132
258.221863 88.318 37.2570
260.093048 88.305 38.0579
261.977783 88.301 38.9019
263.876190 88.306 39.7737
265.788361 88.320 40.6596
267.714386 88.340 41.5485
269.654358 88.366 42.4338
271.608398 88.396 43.3115
273.576599 88.427 44.1783
275.559052 88.458 45.0217
277.555878 88.488 45.8447
279.567169 88.513 46.6602
281.593018 88.532 47.4789
283.633545 88.542 48.3170
285.688873 88.542 49.1967
287.759094 88.533 50.1445
289.844330 88.516 51.1898
291.944672 88.496 52.3580
294.060211 88.478 53.6637
296.191101 88.470 55.1035
298.337433 88.477 56.6542
300.499298 88.504 58.2802
302.676849 88.554 59.9325
304.870178 88.623 61.5627
307.079407 88.708 63.1373
309.304626 88.805 64.6383
311.545990 88.909 66.0629
313.803589 89.015 67.4172
316.077545 89.122 68.7111
318.367981 89.228 69.9528
320.675018 89.332 71.1491
322.998749 89.433 72.3046
325.339325 89.531 73.4232
327.696869 89.624 74.5168
330.071503 89.711 75.5894
332.463348 89.792 76.6437
334.872528 89.866 77.6907
337.299164 89.934 78.7399
339.743378 89.997 79.7978
342.205292 90.057 80.8666
344.685059 90.113 81.9446
347.182800 90.167 83.0259
349.698639 90.218 84.1040
352.232697 90.263 85.1736
354.785126 90.302 86.2336
357.356049 90.332 87.2980
359.945587 90.352 88.3748
362.553894 90.359 89.4714
365.181122 90.355 90.6031
367.827362 90.339 91.7852
370.492798 90.312 93.0326
373.177551 90.275 94.3594
375.881744 90.232 95.7775
378.605530 90.184 97.2953
381.349060 90.135 98.9150
384.112488 90.089 100.6335
386.895935 90.048 102.4422
389.699554 90.014 104.3304
392.523468 89.990 106.2810
395.367859 89.976 108.2729
398.232849 89.970 110.2874
401.118622 89.973 112.3094
404.025299 89.980 114.3306
406.953033 89.991 116.3490
409.901978 90.002 118.3678
412.872284 90.013 120.3944
415.864136 90.023 122.4392
418.877655 90.032 124.5123
421.913025 90.042 126.6198
424.970367 90.055 128.7587
428.049866 90.071 130.9192
431.151703 90.092 133.0869
434.276001 90.115 135.2474
437.422943 90.140 137.3910
440.592682 90.163 139.5154
443.785400 90.181 141.6267
447.001251 90.192 143.7370
450.240417 90.196 145.8616
453.503052 90.193 148.0159
456.789307 90.183 150.2136
460.099396 90.169 152.4641
463.433472 90.150 154.7750
466.791687 90.131 157.1490
470.174255 90.111 159.5845
473.581329 90.094 162.0753
477.013092 90.078 164.6098
480.469727 90.065 167.1762
483.951416 90.052 169.7673
487.458313 90.038 172.3843
490.990631 90.022 175.0353
494.548553 90.003 177.7296
498.132263 89.983 -179.5269
501.741943 89.963 -176.7338
505.377777 89.944 -173.8907
509.039948 89.927 -171.0019
512.728638 89.913 -168.0745
516.444092 89.902 -165.1148
520.186462 89.894 -162.1286
523.955933 89.889 -159.1202
527.752747 89.886 -156.0938
531.577087 89.885 -153.0526
535.429138 89.884 -149.9992
539.309082 89.883 -146.9330
543.217163 89.879 -143.8492
547.153564 89.871 -140.7395
551.118469 89.860 -137.5964
555.112122 89.846 -134.4097
559.134705 89.830 -131.1704
563.186401 89.812 -127.8738
567.267456 89.793 -124.5187
571.378113 89.776 -121.1051
575.518555 89.759 -117.6337
579.689026 89.745 -114.1046
583.889709 89.734 -110.5169
588.120789 89.726 -106.8699
592.382568 89.722 -103.1626
596.675232 89.724 -99.3956
600.998962 89.733 -95.5782
605.354065 89.750 -91.7162
609.740723 89.777 -87.8162
614.159180 89.813 -83.8915
618.609619 89.859 -79.9574
623.092346 89.913 -76.0286
627.607544 89.974 -72.1160
632.155457 90.039 -68.2238
636.736328 90.108 -64.3516
641.350403 90.178 -60.4977
645.997864 90.249 -56.6626
650.679016 90.322 -52.8499
655.394104 90.393 -49.0718
660.143372 90.463 -45.3301
664.927063 90.527 -41.6197
669.745422 90.585 -37.9345
674.598694 90.633 -34.2641
679.487122 90.672 -30.5956
684.410950 90.700 -26.9158
689.370483 90.717 -23.2125
694.365967 90.724 -19.4758
699.397644 90.720 -15.6962
704.465759 90.705 -11.8643
709.570618 90.680 -7.9688
714.712463 90.645 -3.9957
719.891541 90.601 0.0678
725.108154 90.551 4.2319
730.362610 90.495 8.5038
735.655090 90.437 12.8864
740.985962 90.379 17.3797
746.355469 90.322 21.9833
751.763855 90.268 26.6967
757.211426 90.219 31.5192
762.698486 90.177 36.4489
768.225342 90.144 41.4813
773.792236 90.122 46.6079
779.399475 90.113 51.8228
785.047302 90.120 57.1055
790.736084 90.143 62.4297
796.466064 90.182 67.7753
802.237610 90.237 73.1232
808.050964 90.306 78.4547
813.906433 90.389 83.7516
819.804321 90.482 88.9985
825.744934 90.582 94.1830
831.728638 90.687 99.2985
837.755676 90.793 104.3423
843.826416 90.895 109.3167
849.941101 90.993 114.2361
856.100098 91.081 119.1077
862.303772 91.158 123.9376
868.552368 91.222 128.7400
874.846252 91.271 133.5305
881.185730 91.304 138.3257
887.571167 91.320 143.1433
894.002869 91.318 148.0032
900.481201 91.299 152.9260
907.006470 91.262 157.9325
913.579041 91.211 163.0426
920.199219 91.145 168.2754
926.867371 91.069 173.6508
933.583862 90.986 179.1842
940.348999 90.898 -175.1130
947.163147 90.813 -169.2341
954.026672 90.734 -163.1805
960.939941 90.668 -156.9650
967.903320 90.621 -150.6111
974.917175 90.595 -144.1523
981.981812 90.593 -137.6296
989.097656 90.616 -131.0845
996.265076 90.659 -124.5571
1003.484436 90.720 -118.0809
1010.756104 90.792 -111.6958
1018.080444 90.869 -105.4094
1025.457886 90.944 -99.2100
1032.888794 91.012 -93.0879
1040.373535 91.068 -87.0251
1047.912476 91.108 -80.9982
1055.506104 91.129 -74.9788
1063.154785 91.129 -68.9359
1070.858887 91.108 -62.8379
1078.618774 91.068 -56.6534
1086.434937 91.010 -50.3544
1094.307739 90.938 -43.9180
1102.237549 90.856 -37.3417
1110.224854 90.769 -30.6123
1118.270020 90.682 -23.7168
1126.373413 90.598 -16.6615
1134.535522 90.523 -9.4601
1142.756836 90.460 -2.1317
1151.037720 90.411 5.3018
1159.378662 90.376 12.8191
1167.780029 90.358 20.4004
1176.242188 90.354 28.0262
1184.765747 90.364 35.6791
1193.351074 90.387 43.3422
1201.998535 90.421 50.9962
1210.708740 90.463 58.6301
1219.482056 90.509 66.2382
1228.318970 90.557 73.8152
1237.219849 90.602 81.3622
1246.185303 90.640 88.8861
1255.215698 90.669 96.3995
1264.311523 90.685 103.9208
1273.473267 90.688 111.4705
1282.701416 90.677 119.0706
1291.996460 90.653 126.7412
1301.358765 90.617 134.5005
1310.788940 90.571 142.3666
1320.287476 90.520 150.3478
1329.854858 90.464 158.4464
1339.491577 90.408 166.6620
1349.198120 90.355 174.9901
1358.974976 90.308 -176.5789
1368.822632 90.268 -168.0583
1378.741699 90.236 -159.4642
1388.732666 90.214 -150.8148
1398.796021 90.201 -142.1284
1408.932251 90.194 -133.4220
1419.141968 90.191 -124.7079
1429.425659 90.190 -115.9803
1439.783813 90.186 -107.2455
1450.217041 90.175 -98.5103
1460.725952 90.154 -89.7646
1471.311035 90.119 -80.9924
1481.972778 90.068 -72.1722
1492.711792 89.998 -63.2775
1503.528564 89.910 -54.2793
1514.423706 89.803 -45.1486
1525.397827 89.680 -35.8566
1536.451538 89.544 -26.3783
1547.585327 89.399 -16.6942
1558.799805 89.250 -6.7819
1570.095459 89.103 3.3632
1581.473022 88.963 13.7340
1592.932983 88.838 24.3204
1604.476074 88.733 35.1019
1616.102783 88.654 46.0466
1627.813721 88.604 57.1133
1639.609497 88.583 68.2545
1651.490723 88.591 79.4233
1663.458130 88.622 90.5806
1675.512207 88.672 101.6985
1687.653687 88.732 112.7654
1699.883179 88.796 123.7843
1712.201294 88.858 134.7712
1724.608643 88.914 145.7516
1737.105835 88.962 156.7563
1749.693604 89.001 167.8176
1762.372559 89.034 178.9647
1775.143433 89.064 -169.7802
1788.006836 89.095 -158.4060
1800.963501 89.134 -146.9156
1814.014038 89.185 -135.3274
1827.159180 89.249 -123.6708
1840.399536 89.328 -111.9813
1853.735840 89.416 -100.3011
1867.168823 89.508 -88.6514
1880.699097 89.596 -77.0330
1894.327393 89.674 -65.4358
1908.054443 89.736 -53.8324
1921.880981 89.777 -42.1837
1935.807739 89.797 -30.4443
1949.835449 89.799 -18.5712
1963.964722 89.789 -6.5306
1978.196411 89.774 5.6941
1992.531250 89.762 18.0990
2006.969971 89.760 30.6593
2021.513306 89.772 43.3232
2036.161987 89.795 56.0504
2050.916748 89.827 68.8135
2065.778564 89.861 81.5923
2080.748047 89.888 94.3882
2095.825928 89.901 107.2222
2111.013184 89.897 120.1313
2126.310547 89.874 133.1575
2141.718750 89.835 146.3398
2157.238525 89.784 159.7080
2172.870850 89.729 173.2722
2188.616455 89.676 -172.9761
2204.476074 89.630 -159.0676
2220.450684 89.592 -145.0342
2236.541016 89.561 -130.9011
2252.747803 89.531 -116.6846
2269.072021 89.497 -102.3821
2285.514648 89.454 -87.9727
2302.076416 89.400 -73.4246
2318.758301 89.335 -58.7031
2335.561035 89.263 -43.7786
2352.485352 89.189 -28.6379
2369.532471 89.120 -13.2864
2386.703125 89.060 2.2539
2403.998047 89.011 17.9583
2421.418457 88.972 33.7942
2438.965088 88.938 49.7385
2456.638916 88.903 65.7920
2474.440674 88.862 81.9797
2492.371582 88.811 98.3425
2510.432373 88.751 114.9270
2528.624023 88.688 131.7717
2546.947510 88.628 148.8896
2565.403809 88.580 166.2673
2583.993896 88.550 -176.1399
2602.718506 88.540 -158.3862
2621.578857 88.548 -140.5085
2640.575928 88.568 -122.5349
2659.710693 88.596 -104.4705
2678.984131 88.628 -86.2900
2698.397217 88.665 -67.9636
2717.950928 88.710 -49.4753
2737.646240 88.768 -30.8323
2757.484375 88.842 -12.0649
2777.466309 88.931 6.7830
2797.593018 89.030 25.6743
2817.865479 89.132 44.5925
2838.284912 89.232 63.5466
2858.852295 89.325 82.5752
2879.568604 89.412 101.7095
2900.435059 89.495 120.9668
2921.452881 89.577 140.3542
2942.623047 89.661 159.8608
2963.946533 89.747 179.4644
2985.424561 89.830 -160.8523
3007.058105 89.907 -141.0940
3028.848389 89.971 -121.2473
3050.796631 90.019 -101.2817
3072.904053 90.051 -81.1616
3095.171631 90.068 -60.8567
3117.600586 90.075 -40.3496
3140.191895 90.076 -19.6384
3162.947021 90.072 1.2712
3185.866943 90.063 22.3684
3208.953125 90.048 43.6511
3232.206543 90.024 65.1316
3255.628418 89.991 86.8318
3279.219971 89.951 108.7749
3302.982666 89.907 130.9719
3326.917480 89.864 153.4163
3351.025635 89.826 176.0901
3375.308594 89.792 -161.0278
3399.767578 89.761 -137.9578
3424.403809 89.731 -114.6953
3449.218506 89.701 -91.2239
3474.212891 89.673 -67.5315
3499.388428 89.647 -43.6179
3524.746338 89.628 -19.4966
3550.288086 89.614 4.8125
3576.014893 89.605 29.2905
3601.928223 89.598 53.9326
3628.029297 89.592 78.7466
3654.319580 89.585 103.7441
3680.800293 89.578 128.9331
3707.472900 89.574 154.3127
3734.338867 89.571 179.8730
3761.399414 89.569 -154.3972
3788.656006 89.565 -128.4971
3816.110107 89.556 -102.4133
3843.763184 89.543 -76.1289
3871.616699 89.527 -49.6313
3899.672119 89.511 -22.9175
3927.930664 89.494 4.0051
3956.394043 89.478 31.1296
3985.063721 89.460 58.4531
4013.941162 89.439 85.9817
4043.027832 89.416 113.7344
4072.325195 89.391 141.7141
4101.834961 89.364 169.9150
4131.558594 89.336 -161.6682
4161.497559 89.306 -133.0371
4191.653320 89.272 -104.1853
4222.027832 89.234 -75.0984
4252.622559 89.193 -45.7646
4283.438965 89.151 -16.1812
4314.478516 89.110 13.6475
4345.743164 89.071 43.7168
4377.234375 89.032 74.0229
4408.953613 88.995 104.5684
4440.902832 88.960 135.3545
4473.083496 88.928 166.3745
4505.497070 88.899 -162.3823
4538.145996 88.873 -130.9253
4571.031250 88.848 -99.2593
4604.154785 88.822 -67.3838
4637.518555 88.797 -35.2944
4671.124023 88.770 -2.9951
4704.973145 88.740 29.5132
4739.067383 88.707 62.2300
4773.408691 88.668 95.1626
4807.998535 88.621 128.3286
4842.839355 88.566 161.7412
4877.932617 88.500 -164.5884
4913.280273 88.423 -130.6455
4948.883789 88.335 -96.4097
4984.745605 88.236 -61.8569
5020.867188 88.129 -26.9639
5057.250488 88.016 8.2793
5093.897461 87.902 43.8774
5130.810059 87.789 79.8296
5167.990234 87.680 116.1289
5205.439453 87.577 152.7700
5243.160156 87.483 -170.2422
5281.154297 87.400 -132.9282
5319.423828 87.326 -95.3154
5357.970703 87.262 -57.4170
5396.796875 87.208 -19.2407
5435.904297 87.163 19.2017
5475.294922 87.126 57.9009
5514.971191 87.095 96.8521
5554.935059 87.068 136.0562
5595.188477 87.045 175.5176
5635.733398 87.025 -144.7583
5676.572266 87.006 -104.7671
5717.707031 86.989 -64.4863
5759.140137 86.973 -23.9170
5800.873047 86.958 16.9312
5842.908691 86.942 58.0640
5885.249023 86.926 99.4839
5927.895996 86.910 141.1938
5970.852051 86.893 -176.8003
6014.119141 86.875 -134.4995
6057.699707 86.858 -91.9097
6101.596191 86.840 -49.0337
6145.811035 86.820 -5.8726
6190.346191 86.797 37.5713
6235.204102 86.767 81.3149
6280.386719 86.729 125.3657
6325.896973 86.681 169.7378
6371.736816 86.621 -145.5464
6417.909180 86.551 -100.4624
6464.416016 86.469 -54.9878
6511.259766 86.377 -9.0962
6558.442871 86.276 37.2334
6605.968262 86.170 84.0264
6653.837891 86.061 131.3022
6702.054199 85.953 179.0786
6750.620117 85.852 -132.6313
6799.538086 85.762 -83.8188
6848.810547 85.690 -34.4951
6898.439941 85.641 15.3208
6948.428711 85.621 65.5923
6998.779785 85.633 116.2764
7049.495605 85.679 167.3149
7100.579102 85.758 -141.3496
7152.032715 85.866 -89.7759
7203.859375 86.000 -38.0093
7256.061523 86.152 13.9160
7308.642090 86.314 65.9824
7361.603516 86.481 118.1831
7414.948730 86.644 170.5386
7468.680664 86.796 -136.9375
7522.801758 86.932 -84.2300
7577.314941 87.046 -31.3052
7632.223145 87.133 21.8770
7687.529297 87.192 75.3613
7743.236328 87.219 129.1934
7799.347168 87.215 -176.5767
7855.864258 87.182 -121.9038
7912.791016 87.120 -66.7417
7970.130371 87.035 -11.0537
8027.885254 86.931 45.1948
8086.058594 86.813 102.0596
8144.653320 86.689 159.5420
8203.672852 86.566 -142.3828
8263.120117 86.450 -83.7334
8322.998047 86.347 -24.5405
8383.309570 86.260 35.1616
8444.058594 86.192 95.3281
8505.248047 86.143 155.9180
8566.880859 86.109 -143.1035
8628.959961 86.090 -81.7656
8691.489258 86.079 -20.0771
8754.471680 86.074 41.9590
8817.910156 86.071 104.3877
8881.808594 86.066 167.2051
8946.169922 86.058 -129.6064
9010.997070 86.043 -66.0332
9076.294922 86.021 -2.0605
9142.065430 85.989 62.3301
9208.312500 85.948 127.1514
9275.040039 85.896 -167.5811
9342.250977 85.834 -101.8545
9409.949219 85.762 -35.6543
9478.137695 85.679 31.0303
9546.820312 85.586 98.2129
9616.000977 85.484 165.9336
9685.682617 85.372 -125.8018
9755.869141 85.250 -57.0000
9826.564453 85.121 12.3496
9897.771484 84.983 82.2627
9969.495117 84.839 152.7559
10041.738281 84.689 -136.1611
10114.504883 84.535 -64.4668
10187.798828 84.380 7.8477
10261.624023 84.226 80.7969
10335.984375 84.076 154.3848
10410.882812 83.935 -131.3896
10486.324219 83.805 -56.5312
10562.312500 83.690 18.9473
10638.851562 83.592 95.0244
10715.945312 83.513 171.6777
10793.597656 83.454 -111.1221
10871.812500 83.414 -33.4082
10950.593750 83.391 44.7949
11029.946289 83.382 123.4678
11109.874023 83.381 -157.4033
11190.380859 83.384 -77.8164
11271.470703 83.387 2.2402
11353.148438 83.383 82.7900
11435.417969 83.372 163.8662
11518.284180 83.349 -114.4893
11601.750000 83.315 -32.2412
11685.821289 83.271 50.6582
11770.501953 83.220 134.2393
11855.795898 83.167 -141.4736
11941.708008 83.115 -56.4619
12028.242188 83.071 29.2705
12115.403320 83.037 115.7119
12203.196289 83.019 -157.1602
12291.625977 83.016 -69.3818
12380.696289 83.031 19.0117
12470.412109 83.059 107.9727
12560.778320 83.099 -162.5244
12651.798828 83.146 -72.4834
12743.478516 83.194 18.0889
12835.823242 83.239 109.2080
12928.836914 83.277 -159.1074
13022.524414 83.304 -66.8301
13116.890625 83.321 26.0674
13211.941406 83.325 119.6143
13307.680664 83.318 -146.1660
13404.113281 83.301 -51.2568
13501.245117 83.275 44.3594
13599.081055 83.240 140.6875
13697.625977 83.198 -122.2686
13796.884766 83.151 -24.5010
13896.862305 83.097 73.9912
13997.564453 83.039 173.2158
14098.996094 82.976 -86.8311
14201.163086 82.909 13.8564
14304.070312 82.839 115.2734
14407.723633 82.766 -142.5801
14512.127930 82.689 -39.7090
14617.289062 82.609 63.8887
14723.211914 82.524 168.2139
14829.902344 82.434 -86.7148
14937.366211 82.337 19.1143
15045.608398 82.234 125.6992
15154.634766 82.126 -126.9443
15264.451172 82.014 -18.8105
15375.063477 81.899 90.1045
15486.477539 81.782 -160.2041
15598.699219 81.662 -49.7285
15711.733398 81.540 61.5225
15825.586914 81.414 173.5693
15940.265625 81.284 -73.5820
16055.775391 81.149 40.0928
16172.122070 81.011 154.6299
16289.311523 80.870 -89.9561
16407.351562 80.728 26.3271
16526.246094 80.586 143.4834
16646.001953 80.446 -98.4854
16766.625000 80.308 20.4219
16888.123047 80.171 140.2168
17010.501953 80.033 -99.0957
17133.767578 79.895 22.4980
17257.925781 79.756 145.0215
17382.984375 79.616 -91.4941
17508.949219 79.476 32.9668
17635.826172 79.339 158.4434
17763.623047 79.207 -75.0566
17892.345703 79.082 52.4336
18022.001953 78.967 -179.0879
18152.597656 78.863 -49.6465
18284.138672 78.769 80.7422
18416.632812 78.685 -147.9531
18550.087891 78.608 -15.7383
18684.509766 78.536 117.3730
18819.906250 78.465 -108.6230
18956.283203 78.390 26.2793
19093.648438 78.310 162.1016
19232.009766 78.221 -61.3672
19371.373047 78.122 75.9688
19511.746094 78.013 -145.6895
19653.136719 77.897 -6.3340
19795.550781 77.776 134.0430
19938.998047 77.652 -84.5645
20083.484375 77.526 57.8164
20229.017578 77.400 -158.8398
20375.605469 77.271 -14.5527
20523.255859 77.139 130.6699
20671.976562 77.001 -83.1836
20821.773438 76.858 63.8984
20972.656250 76.710 -148.0703
21124.632812 76.559 0.9141
21277.710938 76.411 150.8691
21431.898438 76.270 -58.2031
21587.203125 76.145 93.6934
21743.632812 76.043 -113.4473
21901.195312 75.970 40.3770
22059.900391 0.000 195.0635
